# (t in s) (c0 tau in cm) (p(tau) in au)
0.0 -0.12 0.0
3.33333333333e-09 -0.1195 0.0
6.66666666667e-09 -0.119 0.0
1e-08 -0.1185 0.0
1.33333333333e-08 -0.118 0.0
1.66666666667e-08 -0.1175 0.0
2e-08 -0.117 0.0
2.33333333333e-08 -0.1165 0.0
2.66666666667e-08 -0.116 0.0
3e-08 -0.1155 0.0
3.33333333333e-08 -0.115 0.0
3.66666666667e-08 -0.1145 0.0
4e-08 -0.114 0.0
4.33333333333e-08 -0.1135 0.0
4.66666666667e-08 -0.113 0.0
5e-08 -0.1125 0.0
5.33333333333e-08 -0.112 0.0
5.66666666667e-08 -0.1115 0.0
6e-08 -0.111 0.0
6.33333333333e-08 -0.1105 0.0
6.66666666667e-08 -0.11 0.0
7e-08 -0.1095 0.0
7.33333333333e-08 -0.109 0.0
7.66666666667e-08 -0.1085 0.0
8e-08 -0.108 0.0
8.33333333333e-08 -0.1075 0.0
8.66666666667e-08 -0.107 0.0
9e-08 -0.1065 0.0
9.33333333333e-08 -0.106 0.0
9.66666666667e-08 -0.1055 0.0
1e-07 -0.105 0.0
1.03333333333e-07 -0.1045 0.0
1.06666666667e-07 -0.104 0.0
1.1e-07 -0.1035 0.0
1.13333333333e-07 -0.103 0.0
1.16666666667e-07 -0.1025 0.0
1.2e-07 -0.102 0.0
1.23333333333e-07 -0.1015 0.0
1.26666666667e-07 -0.101 0.0
1.3e-07 -0.1005 0.0
1.33333333333e-07 -0.1 0.0
1.36666666667e-07 -0.0995 0.0
1.4e-07 -0.099 0.0
1.43333333333e-07 -0.0985 0.0
1.46666666667e-07 -0.098 0.0
1.5e-07 -0.0975 0.0
1.53333333333e-07 -0.097 0.0
1.56666666667e-07 -0.0965 0.0
1.6e-07 -0.096 0.0
1.63333333333e-07 -0.0955 0.0
1.66666666667e-07 -0.095 0.0
1.7e-07 -0.0945 0.0
1.73333333333e-07 -0.094 0.0
1.76666666667e-07 -0.0935 0.0
1.8e-07 -0.093 0.0
1.83333333333e-07 -0.0925 0.0
1.86666666667e-07 -0.092 0.0
1.9e-07 -0.0915 0.0
1.93333333333e-07 -0.091 0.0
1.96666666667e-07 -0.0905 0.0
2e-07 -0.09 0.0
2.03333333333e-07 -0.0895 0.0
2.06666666667e-07 -0.089 0.0
2.1e-07 -0.0885 0.0
2.13333333333e-07 -0.088 0.0
2.16666666667e-07 -0.0875 0.0
2.2e-07 -0.087 0.0
2.23333333333e-07 -0.0865 0.0
2.26666666667e-07 -0.086 0.0
2.3e-07 -0.0855 0.0
2.33333333333e-07 -0.085 0.0
2.36666666667e-07 -0.0845 0.0
2.4e-07 -0.084 0.0
2.43333333333e-07 -0.0835 0.0
2.46666666667e-07 -0.083 0.0
2.5e-07 -0.0825 0.0
2.53333333333e-07 -0.082 0.0
2.56666666667e-07 -0.0815 0.0
2.6e-07 -0.081 0.0
2.63333333333e-07 -0.0805 0.0
2.66666666667e-07 -0.08 0.0
2.7e-07 -0.0795 0.0
2.73333333333e-07 -0.079 0.0
2.76666666667e-07 -0.0785 0.0
2.8e-07 -0.078 0.0
2.83333333333e-07 -0.0775 0.0
2.86666666667e-07 -0.077 0.0
2.9e-07 -0.0765 0.0
2.93333333333e-07 -0.076 0.0
2.96666666667e-07 -0.0755 0.0
3e-07 -0.075 0.0
3.03333333333e-07 -0.0745 0.0
3.06666666667e-07 -0.074 0.0
3.1e-07 -0.0735 0.0
3.13333333333e-07 -0.073 0.0
3.16666666667e-07 -0.0725 0.0
3.2e-07 -0.072 0.0
3.23333333333e-07 -0.0715 0.0
3.26666666667e-07 -0.071 0.0
3.3e-07 -0.0705 0.0
3.33333333333e-07 -0.07 0.0
3.36666666667e-07 -0.0695 0.0
3.4e-07 -0.069 0.0
3.43333333333e-07 -0.0685 0.0
3.46666666667e-07 -0.068 0.0
3.5e-07 -0.0675 0.0
3.53333333333e-07 -0.067 0.0
3.56666666667e-07 -0.0665 0.0
3.6e-07 -0.066 0.0
3.63333333333e-07 -0.0655 0.0
3.66666666667e-07 -0.065 0.0
3.7e-07 -0.0645 0.0
3.73333333333e-07 -0.064 0.0
3.76666666667e-07 -0.0635 0.0
3.8e-07 -0.063 0.0
3.83333333333e-07 -0.0625 0.0
3.86666666667e-07 -0.062 0.0
3.9e-07 -0.0615 0.0
3.93333333333e-07 -0.061 0.0
3.96666666667e-07 -0.0605 0.0
4e-07 -0.06 0.0
4.03333333333e-07 -0.0595 0.0
4.06666666667e-07 -0.059 0.0
4.1e-07 -0.0585 0.0
4.13333333333e-07 -0.058 0.0
4.16666666667e-07 -0.0575 0.0
4.2e-07 -0.057 0.0
4.23333333333e-07 -0.0565 0.0
4.26666666667e-07 -0.056 0.0
4.3e-07 -0.0555 0.0
4.33333333333e-07 -0.055 0.0
4.36666666667e-07 -0.0545 0.0
4.4e-07 -0.054 0.0
4.43333333333e-07 -0.0535 0.0
4.46666666667e-07 -0.053 0.0
4.5e-07 -0.0525 0.0
4.53333333333e-07 -0.052 0.0
4.56666666667e-07 -0.0515 0.0
4.6e-07 -0.051 0.0
4.63333333333e-07 -0.0505 0.0
4.66666666667e-07 -0.05 0.0
4.7e-07 -0.0495 0.0
4.73333333333e-07 -0.049 0.0
4.76666666667e-07 -0.0485 0.0
4.8e-07 -0.048 0.0
4.83333333333e-07 -0.0475 0.0
4.86666666667e-07 -0.047 0.0
4.9e-07 -0.0465 0.0
4.93333333333e-07 -0.046 0.0
4.96666666667e-07 -0.0455 0.0
5e-07 -0.045 0.0
5.03333333333e-07 -0.0445 0.0
5.06666666667e-07 -0.044 0.0
5.1e-07 -0.0435 0.0
5.13333333333e-07 -0.043 0.0
5.16666666667e-07 -0.0425 0.0
5.2e-07 -0.042 0.0
5.23333333333e-07 -0.0415 0.0
5.26666666667e-07 -0.041 0.0
5.3e-07 -0.0405 0.0
5.33333333333e-07 -0.04 0.0
5.36666666667e-07 -0.0395 0.0
5.4e-07 -0.039 0.0
5.43333333333e-07 -0.0385 0.0
5.46666666667e-07 -0.038 0.0
5.5e-07 -0.0375 0.0
5.53333333333e-07 -0.037 0.0
5.56666666667e-07 -0.0365 0.0
5.6e-07 -0.036 0.0
5.63333333333e-07 -0.0355 0.0
5.66666666667e-07 -0.035 0.0
5.7e-07 -0.0345 0.0
5.73333333333e-07 -0.034 0.0
5.76666666667e-07 -0.0335 0.0
5.8e-07 -0.033 0.0
5.83333333333e-07 -0.0325 0.0
5.86666666667e-07 -0.032 0.0
5.9e-07 -0.0315 0.0
5.93333333333e-07 -0.031 0.0
5.96666666667e-07 -0.0305 0.0
6e-07 -0.03 0.0
6.03333333333e-07 -0.0295 0.0
6.06666666667e-07 -0.029 0.0
6.1e-07 -0.0285 0.0
6.13333333333e-07 -0.028 0.0
6.16666666667e-07 -0.0275 0.0
6.2e-07 -0.027 0.0
6.23333333333e-07 -0.0265 0.0
6.26666666667e-07 -0.026 0.0
6.3e-07 -0.0255 0.0
6.33333333333e-07 -0.025 0.0
6.36666666667e-07 -0.0245 0.0
6.4e-07 -0.024 0.0
6.43333333333e-07 -0.0235 0.0
6.46666666667e-07 -0.023 0.0
6.5e-07 -0.0225 0.0
6.53333333333e-07 -0.022 0.0
6.56666666667e-07 -0.0215 0.0
6.6e-07 -0.021 0.0
6.63333333333e-07 -0.0205 0.0
6.66666666667e-07 -0.02 0.0
6.7e-07 -0.0195 0.0
6.73333333333e-07 -0.019 0.0
6.76666666667e-07 -0.0185 0.0
6.8e-07 -0.018 0.0
6.83333333333e-07 -0.0175 0.0
6.86666666667e-07 -0.017 0.0
6.9e-07 -0.0165 0.0
6.93333333333e-07 -0.016 0.0
6.96666666667e-07 -0.0155 0.0
7e-07 -0.015 0.0
7.03333333333e-07 -0.0145 0.0
7.06666666667e-07 -0.014 0.0
7.1e-07 -0.0135 0.0
7.13333333333e-07 -0.013 0.0
7.16666666667e-07 -0.0125 0.0
7.2e-07 -0.012 0.0
7.23333333333e-07 -0.0115 0.0
7.26666666667e-07 -0.011 0.0
7.3e-07 -0.0105 0.0
7.33333333333e-07 -0.01 0.0
7.36666666667e-07 -0.0095 0.0
7.4e-07 -0.009 0.0
7.43333333333e-07 -0.0085 0.0
7.46666666667e-07 -0.008 0.0
7.5e-07 -0.0075 0.0
7.53333333333e-07 -0.007 0.0
7.56666666667e-07 -0.0065 0.0
7.6e-07 -0.006 0.0
7.63333333333e-07 -0.0055 0.0
7.66666666667e-07 -0.005 0.0
7.7e-07 -0.0045 0.0
7.73333333333e-07 -0.004 0.0
7.76666666667e-07 -0.0035 0.0
7.8e-07 -0.003 0.0
7.83333333333e-07 -0.0025 0.0
7.86666666667e-07 -0.002 0.0
7.9e-07 -0.0015 0.0
7.93333333333e-07 -0.001 0.0
7.96666666667e-07 -0.0005 5639.99588793
8e-07 1.11173074327e-16 19119354.7371
8.03333333333e-07 0.0005 37765503.4076
8.06666666667e-07 0.001 36154678.1763
8.1e-07 0.0015 34986068.4209
8.13333333333e-07 0.002 33348878.9442
8.16666666667e-07 0.0025 32117727.9078
8.2e-07 0.003 30770327.7206
8.23333333333e-07 0.0035 28972308.5823
8.26666666667e-07 0.004 21853714.6284
8.3e-07 0.0045 7846871.57401
8.33333333333e-07 0.005 -4307680.10534
8.36666666667e-07 0.0055 -9723641.36389
8.4e-07 0.006 -11591220.0283
8.43333333333e-07 0.0065 -11796549.7785
8.46666666667e-07 0.007 -10678884.9804
8.5e-07 0.0075 -10088444.7028
8.53333333333e-07 0.008 -9682553.201
8.56666666667e-07 0.0085 -9630699.54803
8.6e-07 0.009 -8879640.85847
8.63333333333e-07 0.0095 -8366321.46257
8.66666666667e-07 0.01 -8360759.71744
8.7e-07 0.0105 -8133174.23797
8.73333333333e-07 0.011 -7483338.46475
8.76666666667e-07 0.0115 -7258570.97306
8.8e-07 0.012 -6685835.42627
8.83333333333e-07 0.0125 -6312822.18348
8.86666666667e-07 0.013 -6476264.60195
8.9e-07 0.0135 -5899973.57795
8.93333333333e-07 0.014 -5786836.74581
8.96666666667e-07 0.0145 -5633015.23532
9e-07 0.015 -5129211.90093
9.03333333333e-07 0.0155 -4935694.62386
9.06666666667e-07 0.016 -4827208.83313
9.1e-07 0.0165 -4628673.26307
9.13333333333e-07 0.017 -4364209.15757
9.16666666667e-07 0.0175 -4145381.37007
9.2e-07 0.018 -3969475.86447
9.23333333333e-07 0.0185 -3825026.21331
9.26666666667e-07 0.019 -3671428.69744
9.3e-07 0.0195 -3509449.57953
9.33333333333e-07 0.02 -3335430.60689
9.36666666667e-07 0.0205 -3282554.70998
9.4e-07 0.021 -3014674.87329
9.43333333333e-07 0.0215 -2859353.47409
9.46666666667e-07 0.022 -2848601.12321
9.5e-07 0.0225 -2718159.11787
9.53333333333e-07 0.023 -2465842.79542
9.56666666667e-07 0.0235 -2447818.81852
9.6e-07 0.024 -2390632.30128
9.63333333333e-07 0.0245 -2190916.0025
9.66666666667e-07 0.025 -2127619.22694
9.7e-07 0.0255 -2097889.97988
9.73333333333e-07 0.026 -1940556.00489
9.76666666667e-07 0.0265 -1889532.97289
9.8e-07 0.027 -1844911.62828
9.83333333333e-07 0.0275 -1646168.87007
9.86666666667e-07 0.028 -1585410.94896
9.9e-07 0.0285 -1623554.4318
9.93333333333e-07 0.029 -1534860.18706
9.96666666667e-07 0.0295 -3241631.42372
1e-06 0.03 -4889673.60493
1.00333333333e-06 0.0305 -4706240.91373
1.00666666667e-06 0.031 -4546832.18113
1.01e-06 0.0315 -4404880.07596
1.01333333333e-06 0.032 -4179801.27692
1.01666666667e-06 0.0325 -3730152.51245
1.02e-06 0.033 -2442710.76707
1.02333333333e-06 0.0335 -940441.245636
1.02666666667e-06 0.034 -202538.295894
1.03e-06 0.0345 -27256.7921018
1.03333333333e-06 0.035 -2304.78525719
1.03666666667e-06 0.0355 -130.285422063
1.04e-06 0.036 -5.01292316982
1.04333333333e-06 0.0365 -0.14834017638
1.04666666667e-06 0.037 -0.00307666128753
1.05e-06 0.0375 -5.19557552149e-05
1.05333333333e-06 0.038 -6.37666563111e-07
1.05666666667e-06 0.0385 -7.02751152967e-09
1.06e-06 0.039 -5.60547808858e-11
1.06333333333e-06 0.0395 -3.76291628854e-13
1.06666666667e-06 0.04 -2.2080025271e-15
1.07e-06 0.0405 -1.0854715219e-17
1.07333333333e-06 0.041 -4.22210011061e-20
1.07666666667e-06 0.0415 -1.47562721909e-22
1.08e-06 0.042 -4.49779958051e-25
1.08333333333e-06 0.0425 -1.2264108471e-27
1.08666666667e-06 0.043 -2.7416891626e-30
1.09e-06 0.0435 -5.65664693991e-33
1.09333333333e-06 0.044 -1.06455879361e-35
1.09666666667e-06 0.0445 -1.58830759733e-38
1.1e-06 0.045 -2.36797575919e-41
1.10333333333e-06 0.0455 -3.01319054657e-44
1.10666666667e-06 0.046 -3.74119510243e-47
1.11e-06 0.0465 -3.70501002718e-50
1.11333333333e-06 0.047 -3.65437999015e-53
1.11666666667e-06 0.0475 -3.02227456554e-56
1.12e-06 0.048 -2.28385634204e-59
1.12333333333e-06 0.0485 -1.82608812611e-62
1.12666666667e-06 0.049 -1.12492980436e-65
1.13e-06 0.0495 -6.52485526847e-69
1.13333333333e-06 0.05 -3.95130171421e-72
1.13666666667e-06 0.0505 -1.96361721167e-75
1.14e-06 0.051 -1.01303012608e-78
1.14333333333e-06 0.0515 -4.25491845897e-82
1.14666666667e-06 0.052 -1.58222226554e-85
1.15e-06 0.0525 -6.53248365273e-89
1.15333333333e-06 0.053 -1.99953010821e-92
1.15666666667e-06 0.0535 -7.15933683469e-96
1.16e-06 0.054 -2.00401267418e-99
1.16333333333e-06 0.0545 -5.77795673689e-103
1.16666666667e-06 0.055 -1.6221475699e-106
1.17e-06 0.0555 -3.94825796453e-110
1.17333333333e-06 0.056 -8.35285473653e-114
1.17666666667e-06 0.0565 -1.89509504068e-117
1.18e-06 0.057 -3.5678361986e-121
1.18333333333e-06 0.0575 -7.24728635525e-125
1.18666666667e-06 0.058 -1.35392988206e-128
1.19e-06 0.0585 -2.20573982647e-132
1.19333333333e-06 0.059 -3.06601332901e-136
1.19666666667e-06 0.0595 -4.64962670253e-140
1.2e-06 0.06 -6.46493642718e-144
1.20333333333e-06 0.0605 -8.02319540623e-148
1.20666666667e-06 0.061 -9.61675270013e-152
1.21e-06 0.0615 -1.27199672734e-155
1.21333333333e-06 0.062 -1.29845468829e-159
1.21666666667e-06 0.0625 -1.3183005882e-163
1.22e-06 0.063 -1.42562961387e-167
1.22333333333e-06 0.0635 -1.27758837769e-171
1.22666666667e-06 0.064 -1.04387821536e-175
1.23e-06 0.0645 -8.75083373691e-180
1.23333333333e-06 0.065 -6.14336544363e-184
1.23666666667e-06 0.0655 -5.4421195044e-188
1.24e-06 0.066 -3.59013561965e-192
1.24333333333e-06 0.0665 -2.51643541563e-196
1.24666666667e-06 0.067 -1.52735544591e-200
1.25e-06 0.0675 -9.83610537088e-205
1.25333333333e-06 0.068 -4.58543659839e-209
1.25666666667e-06 0.0685 -3.02489864605e-213
1.26e-06 0.069 -1.2938149512e-217
1.26333333333e-06 0.0695 -6.80986418516e-222
1.26666666667e-06 0.07 -2.96415824169e-226
1.27e-06 0.0705 -1.24279327395e-230
1.27333333333e-06 0.071 -5.38250480603e-235
1.27666666667e-06 0.0715 -2.07506724235e-239
1.28e-06 0.072 -8.30409293429e-244
1.28333333333e-06 0.0725 -3.02323832084e-248
1.28666666667e-06 0.073 -9.47164233803e-253
1.29e-06 0.0735 -3.59610291058e-257
1.29333333333e-06 0.074 -1.01532752069e-261
1.29666666667e-06 0.0745 -3.09508137274e-266
1.3e-06 0.075 -8.66778977202e-271
1.30333333333e-06 0.0755 -2.29691107925e-275
1.30666666667e-06 0.076 -5.84437832128e-280
1.31e-06 0.0765 -1.49425563839e-284
1.31333333333e-06 0.077 -3.28221546613e-289
1.31666666667e-06 0.0775 -7.8083997072e-294
1.32e-06 0.078 -1.59491955341e-298
1.32333333333e-06 0.0785 -3.3163286383e-303
1.32666666667e-06 0.079 -6.64024228011e-308
1.33e-06 0.0795 -1.48219693752e-312
1.33333333333e-06 0.08 0.0
1.33666666667e-06 0.0805 0.0
1.34e-06 0.081 0.0
1.34333333333e-06 0.0815 0.0
1.34666666667e-06 0.082 0.0
1.35e-06 0.0825 0.0
1.35333333333e-06 0.083 0.0
1.35666666667e-06 0.0835 0.0
1.36e-06 0.084 0.0
1.36333333333e-06 0.0845 0.0
1.36666666667e-06 0.085 0.0
1.37e-06 0.0855 0.0
1.37333333333e-06 0.086 0.0
1.37666666667e-06 0.0865 0.0
1.38e-06 0.087 0.0
1.38333333333e-06 0.0875 0.0
1.38666666667e-06 0.088 0.0
1.39e-06 0.0885 0.0
1.39333333333e-06 0.089 0.0
1.39666666667e-06 0.0895 0.0
1.4e-06 0.09 0.0
1.40333333333e-06 0.0905 0.0
1.40666666667e-06 0.091 0.0
1.41e-06 0.0915 0.0
1.41333333333e-06 0.092 0.0
1.41666666667e-06 0.0925 0.0
1.42e-06 0.093 0.0
1.42333333333e-06 0.0935 0.0
1.42666666667e-06 0.094 0.0
1.43e-06 0.0945 0.0
1.43333333333e-06 0.095 0.0
1.43666666667e-06 0.0955 0.0
1.44e-06 0.096 0.0
1.44333333333e-06 0.0965 0.0
1.44666666667e-06 0.097 0.0
1.45e-06 0.0975 0.0
1.45333333333e-06 0.098 0.0
1.45666666667e-06 0.0985 0.0
1.46e-06 0.099 0.0
1.46333333333e-06 0.0995 0.0
1.46666666667e-06 0.1 0.0
1.47e-06 0.1005 0.0
1.47333333333e-06 0.101 0.0
1.47666666667e-06 0.1015 0.0
1.48e-06 0.102 0.0
1.48333333333e-06 0.1025 0.0
1.48666666667e-06 0.103 0.0
1.49e-06 0.1035 0.0
1.49333333333e-06 0.104 0.0
1.49666666667e-06 0.1045 0.0
1.5e-06 0.105 0.0
1.50333333333e-06 0.1055 0.0
1.50666666667e-06 0.106 0.0
1.51e-06 0.1065 0.0
1.51333333333e-06 0.107 0.0
1.51666666667e-06 0.1075 0.0
1.52e-06 0.108 0.0
1.52333333333e-06 0.1085 0.0
1.52666666667e-06 0.109 0.0
1.53e-06 0.1095 0.0
1.53333333333e-06 0.11 0.0
1.53666666667e-06 0.1105 0.0
1.54e-06 0.111 0.0
1.54333333333e-06 0.1115 0.0
1.54666666667e-06 0.112 0.0
1.55e-06 0.1125 0.0
1.55333333333e-06 0.113 0.0
1.55666666667e-06 0.1135 0.0
1.56e-06 0.114 0.0
1.56333333333e-06 0.1145 0.0
1.56666666667e-06 0.115 0.0
1.57e-06 0.1155 0.0
1.57333333333e-06 0.116 0.0
1.57666666667e-06 0.1165 0.0
1.58e-06 0.117 0.0
1.58333333333e-06 0.1175 0.0
1.58666666667e-06 0.118 0.0
1.59e-06 0.1185 0.0
1.59333333333e-06 0.119 0.0
1.59666666667e-06 0.1195 0.0
1.6e-06 0.12 0.0
1.60333333333e-06 0.1205 0.0
1.60666666667e-06 0.121 0.0
1.61e-06 0.1215 0.0
1.61333333333e-06 0.122 0.0
1.61666666667e-06 0.1225 0.0
1.62e-06 0.123 0.0
1.62333333333e-06 0.1235 0.0
1.62666666667e-06 0.124 0.0
1.63e-06 0.1245 0.0
1.63333333333e-06 0.125 0.0
1.63666666667e-06 0.1255 0.0
1.64e-06 0.126 0.0
1.64333333333e-06 0.1265 0.0
1.64666666667e-06 0.127 0.0
1.65e-06 0.1275 0.0
1.65333333333e-06 0.128 0.0
1.65666666667e-06 0.1285 0.0
1.66e-06 0.129 0.0
1.66333333333e-06 0.1295 0.0
1.66666666667e-06 0.13 0.0
1.67e-06 0.1305 0.0
1.67333333333e-06 0.131 0.0
1.67666666667e-06 0.1315 0.0
1.68e-06 0.132 0.0
1.68333333333e-06 0.1325 0.0
1.68666666667e-06 0.133 0.0
1.69e-06 0.1335 0.0
1.69333333333e-06 0.134 0.0
1.69666666667e-06 0.1345 0.0
1.7e-06 0.135 0.0
1.70333333333e-06 0.1355 0.0
1.70666666667e-06 0.136 0.0
1.71e-06 0.1365 0.0
1.71333333333e-06 0.137 0.0
1.71666666667e-06 0.1375 0.0
1.72e-06 0.138 0.0
1.72333333333e-06 0.1385 0.0
1.72666666667e-06 0.139 0.0
1.73e-06 0.1395 0.0
1.73333333333e-06 0.14 0.0
1.73666666667e-06 0.1405 0.0
1.74e-06 0.141 0.0
1.74333333333e-06 0.1415 0.0
1.74666666667e-06 0.142 0.0
1.75e-06 0.1425 0.0
1.75333333333e-06 0.143 0.0
1.75666666667e-06 0.1435 0.0
1.76e-06 0.144 0.0
1.76333333333e-06 0.1445 0.0
1.76666666667e-06 0.145 0.0
1.77e-06 0.1455 0.0
1.77333333333e-06 0.146 0.0
1.77666666667e-06 0.1465 0.0
1.78e-06 0.147 0.0
1.78333333333e-06 0.1475 0.0
1.78666666667e-06 0.148 0.0
1.79e-06 0.1485 0.0
1.79333333333e-06 0.149 0.0
1.79666666667e-06 0.1495 0.0
1.8e-06 0.15 0.0
1.80333333333e-06 0.1505 0.0
1.80666666667e-06 0.151 0.0
1.81e-06 0.1515 0.0
1.81333333333e-06 0.152 0.0
1.81666666667e-06 0.1525 0.0
1.82e-06 0.153 0.0
1.82333333333e-06 0.1535 0.0
1.82666666667e-06 0.154 0.0
1.83e-06 0.1545 0.0
1.83333333333e-06 0.155 0.0
1.83666666667e-06 0.1555 0.0
1.84e-06 0.156 0.0
1.84333333333e-06 0.1565 0.0
1.84666666667e-06 0.157 0.0
1.85e-06 0.1575 0.0
1.85333333333e-06 0.158 0.0
1.85666666667e-06 0.1585 0.0
1.86e-06 0.159 0.0
1.86333333333e-06 0.1595 0.0
1.86666666667e-06 0.16 0.0
1.87e-06 0.1605 0.0
1.87333333333e-06 0.161 0.0
1.87666666667e-06 0.1615 0.0
1.88e-06 0.162 0.0
1.88333333333e-06 0.1625 0.0
1.88666666667e-06 0.163 0.0
1.89e-06 0.1635 0.0
1.89333333333e-06 0.164 0.0
1.89666666667e-06 0.1645 0.0
1.9e-06 0.165 0.0
1.90333333333e-06 0.1655 0.0
1.90666666667e-06 0.166 0.0
1.91e-06 0.1665 0.0
1.91333333333e-06 0.167 0.0
1.91666666667e-06 0.1675 0.0
1.92e-06 0.168 0.0
1.92333333333e-06 0.1685 0.0
1.92666666667e-06 0.169 0.0
1.93e-06 0.1695 0.0
1.93333333333e-06 0.17 0.0
1.93666666667e-06 0.1705 0.0
1.94e-06 0.171 0.0
1.94333333333e-06 0.1715 0.0
1.94666666667e-06 0.172 0.0
1.95e-06 0.1725 0.0
1.95333333333e-06 0.173 0.0
1.95666666667e-06 0.1735 0.0
1.96e-06 0.174 0.0
1.96333333333e-06 0.1745 0.0
1.96666666667e-06 0.175 0.0
1.97e-06 0.1755 0.0
1.97333333333e-06 0.176 0.0
1.97666666667e-06 0.1765 0.0
1.98e-06 0.177 0.0
1.98333333333e-06 0.1775 0.0
1.98666666667e-06 0.178 0.0
1.99e-06 0.1785 0.0
1.99333333333e-06 0.179 0.0
1.99666666667e-06 0.1795 0.0
2e-06 0.18 0.0
2.00333333333e-06 0.1805 0.0
2.00666666667e-06 0.181 0.0
2.01e-06 0.1815 0.0
2.01333333333e-06 0.182 0.0
2.01666666667e-06 0.1825 0.0
2.02e-06 0.183 0.0
2.02333333333e-06 0.1835 0.0
2.02666666667e-06 0.184 0.0
2.03e-06 0.1845 0.0
2.03333333333e-06 0.185 0.0
2.03666666667e-06 0.1855 0.0
2.04e-06 0.186 0.0
2.04333333333e-06 0.1865 0.0
2.04666666667e-06 0.187 0.0
2.05e-06 0.1875 0.0
2.05333333333e-06 0.188 0.0
2.05666666667e-06 0.1885 0.0
2.06e-06 0.189 0.0
2.06333333333e-06 0.1895 0.0
2.06666666667e-06 0.19 0.0
2.07e-06 0.1905 0.0
2.07333333333e-06 0.191 0.0
2.07666666667e-06 0.1915 0.0
2.08e-06 0.192 0.0
2.08333333333e-06 0.1925 0.0
2.08666666667e-06 0.193 0.0
2.09e-06 0.1935 0.0
2.09333333333e-06 0.194 0.0
2.09666666667e-06 0.1945 0.0
2.1e-06 0.195 0.0
2.10333333333e-06 0.1955 0.0
2.10666666667e-06 0.196 0.0
2.11e-06 0.1965 0.0
2.11333333333e-06 0.197 0.0
2.11666666667e-06 0.1975 0.0
2.12e-06 0.198 0.0
2.12333333333e-06 0.1985 0.0
2.12666666667e-06 0.199 0.0
2.13e-06 0.1995 0.0
2.13333333333e-06 0.2 0.0
2.13666666667e-06 0.2005 0.0
2.14e-06 0.201 0.0
2.14333333333e-06 0.2015 0.0
2.14666666667e-06 0.202 0.0
2.15e-06 0.2025 0.0
2.15333333333e-06 0.203 0.0
2.15666666667e-06 0.2035 0.0
2.16e-06 0.204 0.0
2.16333333333e-06 0.2045 0.0
2.16666666667e-06 0.205 0.0
2.17e-06 0.2055 0.0
2.17333333333e-06 0.206 0.0
2.17666666667e-06 0.2065 0.0
2.18e-06 0.207 0.0
2.18333333333e-06 0.2075 0.0
2.18666666667e-06 0.208 0.0
2.19e-06 0.2085 0.0
2.19333333333e-06 0.209 0.0
2.19666666667e-06 0.2095 0.0
2.2e-06 0.21 0.0
2.20333333333e-06 0.2105 0.0
2.20666666667e-06 0.211 0.0
2.21e-06 0.2115 0.0
2.21333333333e-06 0.212 0.0
2.21666666667e-06 0.2125 0.0
2.22e-06 0.213 0.0
2.22333333333e-06 0.2135 0.0
2.22666666667e-06 0.214 0.0
2.23e-06 0.2145 0.0
2.23333333333e-06 0.215 0.0
2.23666666667e-06 0.2155 0.0
2.24e-06 0.216 0.0
2.24333333333e-06 0.2165 0.0
2.24666666667e-06 0.217 0.0
2.25e-06 0.2175 0.0
2.25333333333e-06 0.218 0.0
2.25666666667e-06 0.2185 0.0
2.26e-06 0.219 0.0
2.26333333333e-06 0.2195 0.0
2.26666666667e-06 0.22 0.0
2.27e-06 0.2205 0.0
2.27333333333e-06 0.221 0.0
2.27666666667e-06 0.2215 0.0
2.28e-06 0.222 0.0
2.28333333333e-06 0.2225 0.0
2.28666666667e-06 0.223 0.0
2.29e-06 0.2235 0.0
2.29333333333e-06 0.224 0.0
2.29666666667e-06 0.2245 0.0
2.3e-06 0.225 0.0
2.30333333333e-06 0.2255 0.0
2.30666666667e-06 0.226 0.0
2.31e-06 0.2265 0.0
2.31333333333e-06 0.227 0.0
2.31666666667e-06 0.2275 0.0
2.32e-06 0.228 0.0
2.32333333333e-06 0.2285 0.0
2.32666666667e-06 0.229 0.0
2.33e-06 0.2295 0.0
2.33333333333e-06 0.23 0.0
2.33666666667e-06 0.2305 0.0
2.34e-06 0.231 0.0
2.34333333333e-06 0.2315 0.0
2.34666666667e-06 0.232 0.0
2.35e-06 0.2325 0.0
2.35333333333e-06 0.233 0.0
2.35666666667e-06 0.2335 0.0
2.36e-06 0.234 0.0
2.36333333333e-06 0.2345 0.0
2.36666666667e-06 0.235 0.0
2.37e-06 0.2355 0.0
2.37333333333e-06 0.236 0.0
2.37666666667e-06 0.2365 0.0
2.38e-06 0.237 0.0
2.38333333333e-06 0.2375 0.0
2.38666666667e-06 0.238 0.0
2.39e-06 0.2385 0.0
2.39333333333e-06 0.239 0.0
2.39666666667e-06 0.2395 0.0
2.4e-06 0.24 0.0
2.40333333333e-06 0.2405 0.0
2.40666666667e-06 0.241 0.0
2.41e-06 0.2415 0.0
2.41333333333e-06 0.242 0.0
2.41666666667e-06 0.2425 0.0
2.42e-06 0.243 0.0
2.42333333333e-06 0.2435 0.0
2.42666666667e-06 0.244 0.0
2.43e-06 0.2445 0.0
2.43333333333e-06 0.245 0.0
2.43666666667e-06 0.2455 0.0
2.44e-06 0.246 0.0
2.44333333333e-06 0.2465 0.0
2.44666666667e-06 0.247 0.0
2.45e-06 0.2475 0.0
2.45333333333e-06 0.248 0.0
2.45666666667e-06 0.2485 0.0
2.46e-06 0.249 0.0
2.46333333333e-06 0.2495 0.0
2.46666666667e-06 0.25 0.0
2.47e-06 0.2505 0.0
2.47333333333e-06 0.251 0.0
2.47666666667e-06 0.2515 0.0
2.48e-06 0.252 0.0
2.48333333333e-06 0.2525 0.0
2.48666666667e-06 0.253 0.0
2.49e-06 0.2535 0.0
2.49333333333e-06 0.254 0.0
2.49666666667e-06 0.2545 0.0
2.5e-06 0.255 0.0
2.50333333333e-06 0.2555 0.0
2.50666666667e-06 0.256 0.0
2.51e-06 0.2565 0.0
2.51333333333e-06 0.257 0.0
2.51666666667e-06 0.2575 0.0
2.52e-06 0.258 0.0
2.52333333333e-06 0.2585 0.0
2.52666666667e-06 0.259 0.0
2.53e-06 0.2595 0.0
2.53333333333e-06 0.26 0.0
2.53666666667e-06 0.2605 0.0
2.54e-06 0.261 0.0
2.54333333333e-06 0.2615 0.0
2.54666666667e-06 0.262 0.0
2.55e-06 0.2625 0.0
2.55333333333e-06 0.263 0.0
2.55666666667e-06 0.2635 0.0
2.56e-06 0.264 0.0
2.56333333333e-06 0.2645 0.0
2.56666666667e-06 0.265 0.0
2.57e-06 0.2655 0.0
2.57333333333e-06 0.266 0.0
2.57666666667e-06 0.2665 0.0
2.58e-06 0.267 0.0
2.58333333333e-06 0.2675 0.0
2.58666666667e-06 0.268 0.0
2.59e-06 0.2685 0.0
2.59333333333e-06 0.269 0.0
2.59666666667e-06 0.2695 0.0
2.6e-06 0.27 0.0
2.60333333333e-06 0.2705 0.0
2.60666666667e-06 0.271 0.0
2.61e-06 0.2715 0.0
2.61333333333e-06 0.272 0.0
2.61666666667e-06 0.2725 0.0
2.62e-06 0.273 0.0
2.62333333333e-06 0.2735 0.0
2.62666666667e-06 0.274 0.0
2.63e-06 0.2745 0.0
2.63333333333e-06 0.275 0.0
2.63666666667e-06 0.2755 0.0
2.64e-06 0.276 0.0
2.64333333333e-06 0.2765 0.0
2.64666666667e-06 0.277 0.0
2.65e-06 0.2775 0.0
2.65333333333e-06 0.278 0.0
2.65666666667e-06 0.2785 0.0
2.66e-06 0.279 0.0
2.66333333333e-06 0.2795 0.0
2.66666666667e-06 0.28 0.0
2.67e-06 0.2805 0.0
2.67333333333e-06 0.281 0.0
2.67666666667e-06 0.2815 0.0
2.68e-06 0.282 0.0
2.68333333333e-06 0.2825 0.0
2.68666666667e-06 0.283 0.0
2.69e-06 0.2835 0.0
2.69333333333e-06 0.284 0.0
2.69666666667e-06 0.2845 0.0
2.7e-06 0.285 0.0
2.70333333333e-06 0.2855 0.0
2.70666666667e-06 0.286 0.0
2.71e-06 0.2865 0.0
2.71333333333e-06 0.287 0.0
2.71666666667e-06 0.2875 0.0
2.72e-06 0.288 0.0
2.72333333333e-06 0.2885 0.0
2.72666666667e-06 0.289 0.0
2.73e-06 0.2895 0.0
2.73333333333e-06 0.29 0.0
2.73666666667e-06 0.2905 0.0
2.74e-06 0.291 0.0
2.74333333333e-06 0.2915 0.0
2.74666666667e-06 0.292 0.0
2.75e-06 0.2925 0.0
2.75333333333e-06 0.293 0.0
2.75666666667e-06 0.2935 0.0
2.76e-06 0.294 0.0
2.76333333333e-06 0.2945 0.0
2.76666666667e-06 0.295 0.0
2.77e-06 0.2955 0.0
2.77333333333e-06 0.296 0.0
2.77666666667e-06 0.2965 0.0
2.78e-06 0.297 0.0
2.78333333333e-06 0.2975 0.0
2.78666666667e-06 0.298 0.0
2.79e-06 0.2985 0.0
2.79333333333e-06 0.299 0.0
2.79666666667e-06 0.2995 0.0
2.8e-06 0.3 0.0
2.80333333333e-06 0.3005 0.0
2.80666666667e-06 0.301 0.0
2.81e-06 0.3015 0.0
2.81333333333e-06 0.302 0.0
2.81666666667e-06 0.3025 0.0
2.82e-06 0.303 0.0
2.82333333333e-06 0.3035 0.0
2.82666666667e-06 0.304 0.0
2.83e-06 0.3045 0.0
2.83333333333e-06 0.305 0.0
2.83666666667e-06 0.3055 0.0
2.84e-06 0.306 0.0
2.84333333333e-06 0.3065 0.0
2.84666666667e-06 0.307 0.0
2.85e-06 0.3075 0.0
2.85333333333e-06 0.308 0.0
2.85666666667e-06 0.3085 0.0
2.86e-06 0.309 0.0
2.86333333333e-06 0.3095 0.0
2.86666666667e-06 0.31 0.0
2.87e-06 0.3105 0.0
2.87333333333e-06 0.311 0.0
2.87666666667e-06 0.3115 0.0
2.88e-06 0.312 0.0
2.88333333333e-06 0.3125 0.0
2.88666666667e-06 0.313 0.0
2.89e-06 0.3135 0.0
2.89333333333e-06 0.314 0.0
2.89666666667e-06 0.3145 0.0
2.9e-06 0.315 0.0
2.90333333333e-06 0.3155 0.0
2.90666666667e-06 0.316 0.0
2.91e-06 0.3165 0.0
2.91333333333e-06 0.317 0.0
2.91666666667e-06 0.3175 0.0
2.92e-06 0.318 0.0
2.92333333333e-06 0.3185 0.0
2.92666666667e-06 0.319 0.0
2.93e-06 0.3195 0.0
2.93333333333e-06 0.32 0.0
2.93666666667e-06 0.3205 0.0
2.94e-06 0.321 0.0
2.94333333333e-06 0.3215 0.0
2.94666666667e-06 0.322 0.0
2.95e-06 0.3225 0.0
2.95333333333e-06 0.323 0.0
2.95666666667e-06 0.3235 0.0
2.96e-06 0.324 0.0
2.96333333333e-06 0.3245 0.0
2.96666666667e-06 0.325 0.0
2.97e-06 0.3255 0.0
2.97333333333e-06 0.326 0.0
2.97666666667e-06 0.3265 0.0
2.98e-06 0.327 0.0
2.98333333333e-06 0.3275 0.0
2.98666666667e-06 0.328 0.0
2.99e-06 0.3285 0.0
2.99333333333e-06 0.329 0.0
2.99666666667e-06 0.3295 0.0
3e-06 0.33 0.0
3.00333333333e-06 0.3305 0.0
3.00666666667e-06 0.331 0.0
3.01e-06 0.3315 0.0
3.01333333333e-06 0.332 0.0
3.01666666667e-06 0.3325 0.0
3.02e-06 0.333 0.0
3.02333333333e-06 0.3335 0.0
3.02666666667e-06 0.334 0.0
3.03e-06 0.3345 0.0
3.03333333333e-06 0.335 0.0
3.03666666667e-06 0.3355 0.0
3.04e-06 0.336 0.0
3.04333333333e-06 0.3365 0.0
3.04666666667e-06 0.337 0.0
3.05e-06 0.3375 0.0
3.05333333333e-06 0.338 0.0
3.05666666667e-06 0.3385 0.0
3.06e-06 0.339 0.0
3.06333333333e-06 0.3395 0.0
3.06666666667e-06 0.34 0.0
3.07e-06 0.3405 0.0
3.07333333333e-06 0.341 0.0
3.07666666667e-06 0.3415 0.0
3.08e-06 0.342 0.0
3.08333333333e-06 0.3425 0.0
3.08666666667e-06 0.343 0.0
3.09e-06 0.3435 0.0
3.09333333333e-06 0.344 0.0
3.09666666667e-06 0.3445 0.0
3.1e-06 0.345 0.0
3.10333333333e-06 0.3455 0.0
3.10666666667e-06 0.346 0.0
3.11e-06 0.3465 0.0
3.11333333333e-06 0.347 0.0
3.11666666667e-06 0.3475 0.0
3.12e-06 0.348 0.0
3.12333333333e-06 0.3485 0.0
3.12666666667e-06 0.349 0.0
3.13e-06 0.3495 0.0
3.13333333333e-06 0.35 0.0
3.13666666667e-06 0.3505 0.0
3.14e-06 0.351 0.0
3.14333333333e-06 0.3515 0.0
3.14666666667e-06 0.352 0.0
3.15e-06 0.3525 0.0
3.15333333333e-06 0.353 0.0
3.15666666667e-06 0.3535 0.0
3.16e-06 0.354 0.0
3.16333333333e-06 0.3545 0.0
3.16666666667e-06 0.355 0.0
3.17e-06 0.3555 0.0
3.17333333333e-06 0.356 0.0
3.17666666667e-06 0.3565 0.0
3.18e-06 0.357 0.0
3.18333333333e-06 0.3575 0.0
3.18666666667e-06 0.358 0.0
3.19e-06 0.3585 0.0
3.19333333333e-06 0.359 0.0
3.19666666667e-06 0.3595 0.0
3.2e-06 0.36 0.0
3.20333333333e-06 0.3605 0.0
3.20666666667e-06 0.361 0.0
3.21e-06 0.3615 0.0
3.21333333333e-06 0.362 0.0
3.21666666667e-06 0.3625 0.0
3.22e-06 0.363 0.0
3.22333333333e-06 0.3635 0.0
3.22666666667e-06 0.364 0.0
3.23e-06 0.3645 0.0
3.23333333333e-06 0.365 0.0
3.23666666667e-06 0.3655 0.0
3.24e-06 0.366 0.0
3.24333333333e-06 0.3665 0.0
3.24666666667e-06 0.367 0.0
3.25e-06 0.3675 0.0
3.25333333333e-06 0.368 0.0
3.25666666667e-06 0.3685 0.0
3.26e-06 0.369 0.0
3.26333333333e-06 0.3695 0.0
3.26666666667e-06 0.37 0.0
3.27e-06 0.3705 0.0
3.27333333333e-06 0.371 0.0
3.27666666667e-06 0.3715 0.0
3.28e-06 0.372 0.0
3.28333333333e-06 0.3725 0.0
3.28666666667e-06 0.373 0.0
3.29e-06 0.3735 0.0
3.29333333333e-06 0.374 0.0
3.29666666667e-06 0.3745 0.0
3.3e-06 0.375 0.0
3.30333333333e-06 0.3755 0.0
3.30666666667e-06 0.376 0.0
3.31e-06 0.3765 0.0
3.31333333333e-06 0.377 0.0
3.31666666667e-06 0.3775 0.0
3.32e-06 0.378 0.0
3.32333333333e-06 0.3785 0.0
3.32666666667e-06 0.379 0.0
3.33e-06 0.3795 0.0
3.33333333333e-06 0.38 0.0
3.33666666667e-06 0.3805 0.0
3.34e-06 0.381 0.0
3.34333333333e-06 0.3815 0.0
3.34666666667e-06 0.382 0.0
3.35e-06 0.3825 0.0
3.35333333333e-06 0.383 0.0
3.35666666667e-06 0.3835 0.0
3.36e-06 0.384 0.0
3.36333333333e-06 0.3845 0.0
3.36666666667e-06 0.385 0.0
3.37e-06 0.3855 0.0
3.37333333333e-06 0.386 0.0
3.37666666667e-06 0.3865 0.0
3.38e-06 0.387 0.0
3.38333333333e-06 0.3875 0.0
3.38666666667e-06 0.388 0.0
3.39e-06 0.3885 0.0
3.39333333333e-06 0.389 0.0
3.39666666667e-06 0.3895 0.0
3.4e-06 0.39 0.0
3.40333333333e-06 0.3905 0.0
3.40666666667e-06 0.391 0.0
3.41e-06 0.3915 0.0
3.41333333333e-06 0.392 0.0
3.41666666667e-06 0.3925 0.0
3.42e-06 0.393 0.0
3.42333333333e-06 0.3935 0.0
3.42666666667e-06 0.394 0.0
3.43e-06 0.3945 0.0
3.43333333333e-06 0.395 0.0
3.43666666667e-06 0.3955 0.0
3.44e-06 0.396 0.0
3.44333333333e-06 0.3965 0.0
3.44666666667e-06 0.397 0.0
3.45e-06 0.3975 0.0
3.45333333333e-06 0.398 0.0
3.45666666667e-06 0.3985 0.0
3.46e-06 0.399 0.0
3.46333333333e-06 0.3995 0.0
3.46666666667e-06 0.4 0.0
3.47e-06 0.4005 0.0
3.47333333333e-06 0.401 0.0
3.47666666667e-06 0.4015 0.0
3.48e-06 0.402 0.0
3.48333333333e-06 0.4025 0.0
3.48666666667e-06 0.403 0.0
3.49e-06 0.4035 0.0
3.49333333333e-06 0.404 0.0
3.49666666667e-06 0.4045 0.0
3.5e-06 0.405 0.0
3.50333333333e-06 0.4055 0.0
3.50666666667e-06 0.406 0.0
3.51e-06 0.4065 0.0
3.51333333333e-06 0.407 0.0
3.51666666667e-06 0.4075 0.0
3.52e-06 0.408 0.0
3.52333333333e-06 0.4085 0.0
3.52666666667e-06 0.409 0.0
3.53e-06 0.4095 0.0
3.53333333333e-06 0.41 0.0
3.53666666667e-06 0.4105 0.0
3.54e-06 0.411 0.0
3.54333333333e-06 0.4115 0.0
3.54666666667e-06 0.412 0.0
3.55e-06 0.4125 0.0
3.55333333333e-06 0.413 0.0
3.55666666667e-06 0.4135 0.0
3.56e-06 0.414 0.0
3.56333333333e-06 0.4145 0.0
3.56666666667e-06 0.415 0.0
3.57e-06 0.4155 0.0
3.57333333333e-06 0.416 0.0
3.57666666667e-06 0.4165 0.0
3.58e-06 0.417 0.0
3.58333333333e-06 0.4175 0.0
3.58666666667e-06 0.418 0.0
3.59e-06 0.4185 0.0
3.59333333333e-06 0.419 0.0
3.59666666667e-06 0.4195 0.0
3.6e-06 0.42 0.0
3.60333333333e-06 0.4205 0.0
3.60666666667e-06 0.421 0.0
3.61e-06 0.4215 0.0
3.61333333333e-06 0.422 0.0
3.61666666667e-06 0.4225 0.0
3.62e-06 0.423 0.0
3.62333333333e-06 0.4235 0.0
3.62666666667e-06 0.424 0.0
3.63e-06 0.4245 0.0
3.63333333333e-06 0.425 0.0
3.63666666667e-06 0.4255 0.0
3.64e-06 0.426 0.0
3.64333333333e-06 0.4265 0.0
3.64666666667e-06 0.427 0.0
3.65e-06 0.4275 0.0
3.65333333333e-06 0.428 0.0
3.65666666667e-06 0.4285 0.0
3.66e-06 0.429 0.0
3.66333333333e-06 0.4295 0.0
3.66666666667e-06 0.43 0.0
3.67e-06 0.4305 0.0
3.67333333333e-06 0.431 0.0
3.67666666667e-06 0.4315 0.0
3.68e-06 0.432 0.0
3.68333333333e-06 0.4325 0.0
3.68666666667e-06 0.433 0.0
3.69e-06 0.4335 0.0
3.69333333333e-06 0.434 0.0
3.69666666667e-06 0.4345 0.0
3.7e-06 0.435 0.0
3.70333333333e-06 0.4355 0.0
3.70666666667e-06 0.436 0.0
3.71e-06 0.4365 0.0
3.71333333333e-06 0.437 0.0
3.71666666667e-06 0.4375 0.0
3.72e-06 0.438 0.0
3.72333333333e-06 0.4385 0.0
3.72666666667e-06 0.439 0.0
3.73e-06 0.4395 0.0
3.73333333333e-06 0.44 0.0
3.73666666667e-06 0.4405 0.0
3.74e-06 0.441 0.0
3.74333333333e-06 0.4415 0.0
3.74666666667e-06 0.442 0.0
3.75e-06 0.4425 0.0
3.75333333333e-06 0.443 0.0
3.75666666667e-06 0.4435 0.0
3.76e-06 0.444 0.0
3.76333333333e-06 0.4445 0.0
3.76666666667e-06 0.445 0.0
3.77e-06 0.4455 0.0
3.77333333333e-06 0.446 0.0
3.77666666667e-06 0.4465 0.0
3.78e-06 0.447 0.0
3.78333333333e-06 0.4475 0.0
3.78666666667e-06 0.448 0.0
3.79e-06 0.4485 0.0
3.79333333333e-06 0.449 0.0
3.79666666667e-06 0.4495 0.0
3.8e-06 0.45 0.0
3.80333333333e-06 0.4505 0.0
3.80666666667e-06 0.451 0.0
3.81e-06 0.4515 0.0
3.81333333333e-06 0.452 0.0
3.81666666667e-06 0.4525 0.0
3.82e-06 0.453 0.0
3.82333333333e-06 0.4535 0.0
3.82666666667e-06 0.454 0.0
3.83e-06 0.4545 0.0
3.83333333333e-06 0.455 0.0
3.83666666667e-06 0.4555 0.0
3.84e-06 0.456 0.0
3.84333333333e-06 0.4565 0.0
3.84666666667e-06 0.457 0.0
3.85e-06 0.4575 0.0
3.85333333333e-06 0.458 0.0
3.85666666667e-06 0.4585 0.0
3.86e-06 0.459 0.0
3.86333333333e-06 0.4595 0.0
3.86666666667e-06 0.46 0.0
3.87e-06 0.4605 0.0
3.87333333333e-06 0.461 0.0
3.87666666667e-06 0.4615 0.0
3.88e-06 0.462 0.0
3.88333333333e-06 0.4625 0.0
3.88666666667e-06 0.463 0.0
3.89e-06 0.4635 0.0
3.89333333333e-06 0.464 0.0
3.89666666667e-06 0.4645 0.0
3.9e-06 0.465 0.0
3.90333333333e-06 0.4655 0.0
3.90666666667e-06 0.466 0.0
3.91e-06 0.4665 0.0
3.91333333333e-06 0.467 0.0
3.91666666667e-06 0.4675 0.0
3.92e-06 0.468 0.0
3.92333333333e-06 0.4685 0.0
3.92666666667e-06 0.469 0.0
3.93e-06 0.4695 0.0
3.93333333333e-06 0.47 0.0
3.93666666667e-06 0.4705 0.0
3.94e-06 0.471 0.0
3.94333333333e-06 0.4715 0.0
3.94666666667e-06 0.472 0.0
3.95e-06 0.4725 0.0
3.95333333333e-06 0.473 0.0
3.95666666667e-06 0.4735 0.0
3.96e-06 0.474 0.0
3.96333333333e-06 0.4745 0.0
3.96666666667e-06 0.475 0.0
3.97e-06 0.4755 0.0
3.97333333333e-06 0.476 0.0
3.97666666667e-06 0.4765 0.0
3.98e-06 0.477 0.0
3.98333333333e-06 0.4775 0.0
3.98666666667e-06 0.478 0.0
3.99e-06 0.4785 0.0
3.99333333333e-06 0.479 0.0
3.99666666667e-06 0.4795 0.0
4e-06 0.48 0.0
4.00333333333e-06 0.4805 0.0
4.00666666667e-06 0.481 0.0
4.01e-06 0.4815 0.0
4.01333333333e-06 0.482 0.0
4.01666666667e-06 0.4825 0.0
4.02e-06 0.483 0.0
4.02333333333e-06 0.4835 0.0
4.02666666667e-06 0.484 0.0
4.03e-06 0.4845 0.0
4.03333333333e-06 0.485 0.0
4.03666666667e-06 0.4855 0.0
4.04e-06 0.486 0.0
4.04333333333e-06 0.4865 0.0
4.04666666667e-06 0.487 0.0
4.05e-06 0.4875 0.0
4.05333333333e-06 0.488 0.0
4.05666666667e-06 0.4885 0.0
4.06e-06 0.489 0.0
4.06333333333e-06 0.4895 0.0
4.06666666667e-06 0.49 0.0
4.07e-06 0.4905 0.0
4.07333333333e-06 0.491 0.0
4.07666666667e-06 0.4915 0.0
4.08e-06 0.492 0.0
4.08333333333e-06 0.4925 0.0
4.08666666667e-06 0.493 0.0
4.09e-06 0.4935 0.0
4.09333333333e-06 0.494 0.0
4.09666666667e-06 0.4945 0.0
4.1e-06 0.495 0.0
4.10333333333e-06 0.4955 0.0
4.10666666667e-06 0.496 0.0
4.11e-06 0.4965 0.0
4.11333333333e-06 0.497 0.0
4.11666666667e-06 0.4975 0.0
4.12e-06 0.498 0.0
4.12333333333e-06 0.4985 0.0
