# (t in s) (c0 tau in cm) (p(tau) in au)
0.0 -0.12 0.0
3.33333333333e-09 -0.1195 0.0
6.66666666667e-09 -0.119 0.0
1e-08 -0.1185 0.0
1.33333333333e-08 -0.118 0.0
1.66666666667e-08 -0.1175 0.0
2e-08 -0.117 0.0
2.33333333333e-08 -0.1165 0.0
2.66666666667e-08 -0.116 0.0
3e-08 -0.1155 0.0
3.33333333333e-08 -0.115 0.0
3.66666666667e-08 -0.1145 0.0
4e-08 -0.114 0.0
4.33333333333e-08 -0.1135 0.0
4.66666666667e-08 -0.113 0.0
5e-08 -0.1125 0.0
5.33333333333e-08 -0.112 0.0
5.66666666667e-08 -0.1115 0.0
6e-08 -0.111 0.0
6.33333333333e-08 -0.1105 0.0
6.66666666667e-08 -0.11 0.0
7e-08 -0.1095 0.0
7.33333333333e-08 -0.109 0.0
7.66666666667e-08 -0.1085 0.0
8e-08 -0.108 0.0
8.33333333333e-08 -0.1075 0.0
8.66666666667e-08 -0.107 0.0
9e-08 -0.1065 0.0
9.33333333333e-08 -0.106 0.0
9.66666666667e-08 -0.1055 0.0
1e-07 -0.105 0.0
1.03333333333e-07 -0.1045 0.0
1.06666666667e-07 -0.104 0.0
1.1e-07 -0.1035 0.0
1.13333333333e-07 -0.103 0.0
1.16666666667e-07 -0.1025 0.0
1.2e-07 -0.102 0.0
1.23333333333e-07 -0.1015 0.0
1.26666666667e-07 -0.101 0.0
1.3e-07 -0.1005 0.0
1.33333333333e-07 -0.1 0.0
1.36666666667e-07 -0.0995 0.0
1.4e-07 -0.099 0.0
1.43333333333e-07 -0.0985 0.0
1.46666666667e-07 -0.098 0.0
1.5e-07 -0.0975 0.0
1.53333333333e-07 -0.097 0.0
1.56666666667e-07 -0.0965 0.0
1.6e-07 -0.096 0.0
1.63333333333e-07 -0.0955 0.0
1.66666666667e-07 -0.095 0.0
1.7e-07 -0.0945 0.0
1.73333333333e-07 -0.094 0.0
1.76666666667e-07 -0.0935 0.0
1.8e-07 -0.093 0.0
1.83333333333e-07 -0.0925 0.0
1.86666666667e-07 -0.092 0.0
1.9e-07 -0.0915 0.0
1.93333333333e-07 -0.091 0.0
1.96666666667e-07 -0.0905 0.0
2e-07 -0.09 0.0
2.03333333333e-07 -0.0895 0.0
2.06666666667e-07 -0.089 0.0
2.1e-07 -0.0885 0.0
2.13333333333e-07 -0.088 0.0
2.16666666667e-07 -0.0875 0.0
2.2e-07 -0.087 0.0
2.23333333333e-07 -0.0865 0.0
2.26666666667e-07 -0.086 0.0
2.3e-07 -0.0855 0.0
2.33333333333e-07 -0.085 0.0
2.36666666667e-07 -0.0845 0.0
2.4e-07 -0.084 0.0
2.43333333333e-07 -0.0835 0.0
2.46666666667e-07 -0.083 0.0
2.5e-07 -0.0825 0.0
2.53333333333e-07 -0.082 0.0
2.56666666667e-07 -0.0815 0.0
2.6e-07 -0.081 0.0
2.63333333333e-07 -0.0805 0.0
2.66666666667e-07 -0.08 0.0
2.7e-07 -0.0795 0.0
2.73333333333e-07 -0.079 0.0
2.76666666667e-07 -0.0785 0.0
2.8e-07 -0.078 0.0
2.83333333333e-07 -0.0775 0.0
2.86666666667e-07 -0.077 0.0
2.9e-07 -0.0765 0.0
2.93333333333e-07 -0.076 0.0
2.96666666667e-07 -0.0755 0.0
3e-07 -0.075 0.0
3.03333333333e-07 -0.0745 0.0
3.06666666667e-07 -0.074 0.0
3.1e-07 -0.0735 0.0
3.13333333333e-07 -0.073 0.0
3.16666666667e-07 -0.0725 0.0
3.2e-07 -0.072 0.0
3.23333333333e-07 -0.0715 0.0
3.26666666667e-07 -0.071 0.0
3.3e-07 -0.0705 0.0
3.33333333333e-07 -0.07 0.0
3.36666666667e-07 -0.0695 0.0
3.4e-07 -0.069 0.0
3.43333333333e-07 -0.0685 0.0
3.46666666667e-07 -0.068 0.0
3.5e-07 -0.0675 0.0
3.53333333333e-07 -0.067 0.0
3.56666666667e-07 -0.0665 0.0
3.6e-07 -0.066 0.0
3.63333333333e-07 -0.0655 0.0
3.66666666667e-07 -0.065 0.0
3.7e-07 -0.0645 0.0
3.73333333333e-07 -0.064 0.0
3.76666666667e-07 -0.0635 0.0
3.8e-07 -0.063 0.0
3.83333333333e-07 -0.0625 0.0
3.86666666667e-07 -0.062 0.0
3.9e-07 -0.0615 0.0
3.93333333333e-07 -0.061 0.0
3.96666666667e-07 -0.0605 0.0
4e-07 -0.06 0.0
4.03333333333e-07 -0.0595 0.0
4.06666666667e-07 -0.059 0.0
4.1e-07 -0.0585 0.0
4.13333333333e-07 -0.058 0.0
4.16666666667e-07 -0.0575 0.0
4.2e-07 -0.057 0.0
4.23333333333e-07 -0.0565 0.0
4.26666666667e-07 -0.056 0.0
4.3e-07 -0.0555 0.0
4.33333333333e-07 -0.055 0.0
4.36666666667e-07 -0.0545 0.0
4.4e-07 -0.054 0.0
4.43333333333e-07 -0.0535 0.0
4.46666666667e-07 -0.053 0.0
4.5e-07 -0.0525 0.0
4.53333333333e-07 -0.052 0.0
4.56666666667e-07 -0.0515 0.0
4.6e-07 -0.051 0.0
4.63333333333e-07 -0.0505 0.0
4.66666666667e-07 -0.05 0.0
4.7e-07 -0.0495 0.0
4.73333333333e-07 -0.049 0.0
4.76666666667e-07 -0.0485 0.0
4.8e-07 -0.048 0.0
4.83333333333e-07 -0.0475 0.0
4.86666666667e-07 -0.047 0.0
4.9e-07 -0.0465 0.0
4.93333333333e-07 -0.046 0.0
4.96666666667e-07 -0.0455 0.0
5e-07 -0.045 0.0
5.03333333333e-07 -0.0445 0.0
5.06666666667e-07 -0.044 0.0
5.1e-07 -0.0435 0.0
5.13333333333e-07 -0.043 0.0
5.16666666667e-07 -0.0425 0.0
5.2e-07 -0.042 0.0
5.23333333333e-07 -0.0415 0.0
5.26666666667e-07 -0.041 0.0
5.3e-07 -0.0405 0.0
5.33333333333e-07 -0.04 0.0
5.36666666667e-07 -0.0395 0.0
5.4e-07 -0.039 0.0
5.43333333333e-07 -0.0385 0.0
5.46666666667e-07 -0.038 0.0
5.5e-07 -0.0375 0.0
5.53333333333e-07 -0.037 0.0
5.56666666667e-07 -0.0365 0.0
5.6e-07 -0.036 0.0
5.63333333333e-07 -0.0355 0.0
5.66666666667e-07 -0.035 0.0
5.7e-07 -0.0345 0.0
5.73333333333e-07 -0.034 0.0
5.76666666667e-07 -0.0335 0.0
5.8e-07 -0.033 0.0
5.83333333333e-07 -0.0325 0.0
5.86666666667e-07 -0.032 0.0
5.9e-07 -0.0315 0.0
5.93333333333e-07 -0.031 0.0
5.96666666667e-07 -0.0305 0.0
6e-07 -0.03 0.0
6.03333333333e-07 -0.0295 0.0
6.06666666667e-07 -0.029 0.0
6.1e-07 -0.0285 0.0
6.13333333333e-07 -0.028 0.0
6.16666666667e-07 -0.0275 0.0
6.2e-07 -0.027 0.0
6.23333333333e-07 -0.0265 0.0
6.26666666667e-07 -0.026 0.0
6.3e-07 -0.0255 0.0
6.33333333333e-07 -0.025 0.0
6.36666666667e-07 -0.0245 0.0
6.4e-07 -0.024 0.0
6.43333333333e-07 -0.0235 0.0
6.46666666667e-07 -0.023 0.0
6.5e-07 -0.0225 0.0
6.53333333333e-07 -0.022 0.0
6.56666666667e-07 -0.0215 0.0
6.6e-07 -0.021 0.0
6.63333333333e-07 -0.0205 0.0
6.66666666667e-07 -0.02 0.0
6.7e-07 -0.0195 0.0
6.73333333333e-07 -0.019 0.0
6.76666666667e-07 -0.0185 0.0
6.8e-07 -0.018 0.0
6.83333333333e-07 -0.0175 0.0
6.86666666667e-07 -0.017 0.0
6.9e-07 -0.0165 0.0
6.93333333333e-07 -0.016 0.0
6.96666666667e-07 -0.0155 0.0
7e-07 -0.015 0.0
7.03333333333e-07 -0.0145 0.0
7.06666666667e-07 -0.014 0.0
7.1e-07 -0.0135 0.0
7.13333333333e-07 -0.013 0.0
7.16666666667e-07 -0.0125 0.0
7.2e-07 -0.012 0.0
7.23333333333e-07 -0.0115 0.0
7.26666666667e-07 -0.011 0.0
7.3e-07 -0.0105 0.0
7.33333333333e-07 -0.01 0.0
7.36666666667e-07 -0.0095 0.0
7.4e-07 -0.009 0.0
7.43333333333e-07 -0.0085 0.0
7.46666666667e-07 -0.008 0.0
7.5e-07 -0.0075 0.0
7.53333333333e-07 -0.007 0.0
7.56666666667e-07 -0.0065 0.0
7.6e-07 -0.006 0.0
7.63333333333e-07 -0.0055 0.0
7.66666666667e-07 -0.005 0.0
7.7e-07 -0.0045 0.0
7.73333333333e-07 -0.004 0.0
7.76666666667e-07 -0.0035 0.0
7.8e-07 -0.003 0.0
7.83333333333e-07 -0.0025 0.0
7.86666666667e-07 -0.002 0.0
7.9e-07 -0.0015 0.0
7.93333333333e-07 -0.001 0.0
7.96666666667e-07 -0.0005 5639.99588793
8e-07 1.11173074327e-16 19119354.7371
8.03333333333e-07 0.0005 37765503.4076
8.06666666667e-07 0.001 36154678.1763
8.1e-07 0.0015 34986068.4209
8.13333333333e-07 0.002 33348878.9442
8.16666666667e-07 0.0025 32117727.9078
8.2e-07 0.003 30770327.7206
8.23333333333e-07 0.0035 29438769.4647
8.26666666667e-07 0.004 28364788.8475
8.3e-07 0.0045 27537467.6774
8.33333333333e-07 0.005 26674948.4543
8.36666666667e-07 0.0055 25710376.6673
8.4e-07 0.006 23334584.5768
8.43333333333e-07 0.0065 22888219.3353
8.46666666667e-07 0.007 23132525.6318
8.5e-07 0.0075 21570325.5471
8.53333333333e-07 0.008 20346148.1761
8.56666666667e-07 0.0085 20190010.8961
8.6e-07 0.009 19234160.6731
8.63333333333e-07 0.0095 17551259.8006
8.66666666667e-07 0.01 18255517.5111
8.7e-07 0.0105 17395229.0597
8.73333333333e-07 0.011 15374825.8167
8.76666666667e-07 0.0115 15497763.1444
8.8e-07 0.012 15730737.1108
8.83333333333e-07 0.0125 14494260.1663
8.86666666667e-07 0.013 12984870.6592
8.9e-07 0.0135 14105733.0225
8.93333333333e-07 0.014 13164081.9905
8.96666666667e-07 0.0145 10757581.4843
9e-07 0.015 12090056.2538
9.03333333333e-07 0.0155 13219538.2065
9.06666666667e-07 0.016 9303128.7584
9.1e-07 0.0165 10620701.4824
9.13333333333e-07 0.017 10374624.2501
9.16666666667e-07 0.0175 8474580.7292
9.2e-07 0.018 10430363.7929
9.23333333333e-07 0.0185 9453709.35094
9.26666666667e-07 0.019 8242406.7976
9.3e-07 0.0195 8832228.6101
9.33333333333e-07 0.02 7205219.40258
9.36666666667e-07 0.0205 6929943.83047
9.4e-07 0.021 7961532.88646
9.43333333333e-07 0.0215 6833324.47346
9.46666666667e-07 0.022 5856905.46167
9.5e-07 0.0225 7765871.8675
9.53333333333e-07 0.023 6629856.49535
9.56666666667e-07 0.0235 4768255.25733
9.6e-07 0.024 5569224.32241
9.63333333333e-07 0.0245 6461583.7902
9.66666666667e-07 0.025 5543176.69416
9.7e-07 0.0255 4461635.56574
9.73333333333e-07 0.026 4920307.39714
9.76666666667e-07 0.0265 4753476.63122
9.8e-07 0.027 4894774.16426
9.83333333333e-07 0.0275 4451061.99456
9.86666666667e-07 0.028 3070783.19463
9.9e-07 0.0285 4600397.23444
9.93333333333e-07 0.029 4220107.39374
9.96666666667e-07 0.0295 1452951.90589
1e-06 0.03 237010.544973
1.00333333333e-06 0.0305 677282.391274
1.00666666667e-06 0.031 -865488.937652
1.01e-06 0.0315 -358625.405643
1.01333333333e-06 0.032 388239.569009
1.01666666667e-06 0.0325 -22631.0387202
1.02e-06 0.033 417386.29781
1.02333333333e-06 0.0335 871785.497348
1.02666666667e-06 0.034 -2023280.0787
1.03e-06 0.0345 357335.808639
1.03333333333e-06 0.035 1278966.22157
1.03666666667e-06 0.0355 -1313529.05826
1.04e-06 0.036 412455.358143
1.04333333333e-06 0.0365 1246935.18756
1.04666666667e-06 0.037 -1285947.14063
1.05e-06 0.0375 -669399.023756
1.05333333333e-06 0.038 822170.801065
1.05666666667e-06 0.0385 -354026.897447
1.06e-06 0.039 895754.608538
1.06333333333e-06 0.0395 231720.699236
1.06666666667e-06 0.04 -589676.069593
1.07e-06 0.0405 -1133794.70213
1.07333333333e-06 0.041 829464.527967
1.07666666667e-06 0.0415 813963.41838
1.08e-06 0.042 -1079477.88832
1.08333333333e-06 0.0425 623829.71781
1.08666666667e-06 0.043 392074.039914
1.09e-06 0.0435 -836883.912999
1.09333333333e-06 0.044 289194.352691
1.09666666667e-06 0.0445 -67815.0141673
1.1e-06 0.045 -596864.262361
1.10333333333e-06 0.0455 226614.640898
1.10666666667e-06 0.046 583066.947956
1.11e-06 0.0465 -23159.9304465
1.11333333333e-06 0.047 143083.283956
1.11666666667e-06 0.0475 -326054.827225
1.12e-06 0.048 -273908.958818
1.12333333333e-06 0.0485 510862.133763
1.12666666667e-06 0.049 138744.546201
1.13e-06 0.0495 -1224614.92486
1.13333333333e-06 0.05 483196.577878
1.13666666667e-06 0.0505 1307522.3144
1.14e-06 0.051 -792909.854603
1.14333333333e-06 0.0515 -156864.004777
1.14666666667e-06 0.052 160347.075563
1.15e-06 0.0525 -518029.485058
1.15333333333e-06 0.053 752312.260412
1.15666666667e-06 0.0535 -212605.14552
1.16e-06 0.054 -675651.591534
1.16333333333e-06 0.0545 11901.162234
1.16666666667e-06 0.055 451553.548876
1.17e-06 0.0555 -155357.137702
1.17333333333e-06 0.056 439823.603023
1.17666666667e-06 0.0565 -688440.873616
1.18e-06 0.057 377048.424412
1.18333333333e-06 0.0575 1369781.43512
1.18666666667e-06 0.058 -1523971.05004
1.19e-06 0.0585 9711.94775214
1.19333333333e-06 0.059 875217.153461
1.19666666667e-06 0.0595 -344684.479924
1.2e-06 0.06 -948914.587434
1.20333333333e-06 0.0605 194537.392885
1.20666666667e-06 0.061 304249.841968
1.21e-06 0.0615 490568.24148
1.21333333333e-06 0.062 -286721.897795
1.21666666667e-06 0.0625 -530124.96104
1.22e-06 0.063 8889.1794767
1.22333333333e-06 0.0635 1016394.97932
1.22666666667e-06 0.064 -230162.098472
1.23e-06 0.0645 -574590.702009
1.23333333333e-06 0.065 581558.514389
1.23666666667e-06 0.0655 -492723.112599
1.24e-06 0.066 -102136.757861
1.24333333333e-06 0.0665 62439.3479484
1.24666666667e-06 0.067 162884.498545
1.25e-06 0.0675 194325.048903
1.25333333333e-06 0.068 -324653.50641
1.25666666667e-06 0.0685 -417422.967515
1.26e-06 0.069 586840.468665
1.26333333333e-06 0.0695 484147.754353
1.26666666667e-06 0.07 -27158.0510402
1.27e-06 0.0705 -655481.657202
1.27333333333e-06 0.071 122180.842276
1.27666666667e-06 0.0715 344129.303308
1.28e-06 0.072 -476157.410459
1.28333333333e-06 0.0725 -160254.56406
1.28666666667e-06 0.073 152575.974798
1.29e-06 0.0735 -553079.345716
1.29333333333e-06 0.074 -1655547.13204
1.29666666667e-06 0.0745 -2055714.60013
1.3e-06 0.075 -1324581.60552
1.30333333333e-06 0.0755 -2411186.05936
1.30666666667e-06 0.076 -4584997.03634
1.31e-06 0.0765 -5227158.93829
1.31333333333e-06 0.077 -4632458.39979
1.31666666667e-06 0.0775 -6846557.3721
1.32e-06 0.078 -7561150.86078
1.32333333333e-06 0.0785 -8221648.74609
1.32666666667e-06 0.079 -10407185.9917
1.33e-06 0.0795 -9887966.40743
1.33333333333e-06 0.08 -11166273.6111
1.33666666667e-06 0.0805 -12493922.6855
1.34e-06 0.081 -13062900.7283
1.34333333333e-06 0.0815 -14775229.4764
1.34666666667e-06 0.082 -14831996.0188
1.35e-06 0.0825 -15444268.9172
1.35333333333e-06 0.083 -16465110.5144
1.35666666667e-06 0.0835 -17596974.7285
1.36e-06 0.084 -18759796.3906
1.36333333333e-06 0.0845 -18050888.802
1.36666666667e-06 0.085 -18659697.718
1.37e-06 0.0855 -19966309.8371
1.37333333333e-06 0.086 -19936464.634
1.37666666667e-06 0.0865 -20368807.8267
1.38e-06 0.087 -19976455.3069
1.38333333333e-06 0.0875 -20713240.5016
1.38666666667e-06 0.088 -20534757.5883
1.39e-06 0.0885 -20831885.6969
1.39333333333e-06 0.089 -20977490.4412
1.39666666667e-06 0.0895 -20756416.6349
1.4e-06 0.09 -20371856.18
1.40333333333e-06 0.0905 -20475726.7028
1.40666666667e-06 0.091 -20347747.1238
1.41e-06 0.0915 -19965213.0057
1.41333333333e-06 0.092 -19252089.237
1.41666666667e-06 0.0925 -19093691.6705
1.42e-06 0.093 -18898885.8367
1.42333333333e-06 0.0935 -18406863.5923
1.42666666667e-06 0.094 -17684891.8506
1.43e-06 0.0945 -17222965.5456
1.43333333333e-06 0.095 -16620333.4759
1.43666666667e-06 0.0955 -16281528.0398
1.44e-06 0.096 -15570048.4725
1.44333333333e-06 0.0965 -15057699.4727
1.44666666667e-06 0.097 -14333406.6736
1.45e-06 0.0975 -13551346.8707
1.45333333333e-06 0.098 -12922010.5336
1.45666666667e-06 0.0985 -12359928.4008
1.46e-06 0.099 -11810168.3661
1.46333333333e-06 0.0995 -11142975.0216
1.46666666667e-06 0.1 -10472960.0976
1.47e-06 0.1005 -9946529.52491
1.47333333333e-06 0.101 -9218499.2871
1.47666666667e-06 0.1015 -8777968.82282
1.48e-06 0.102 -8199936.24254
1.48333333333e-06 0.1025 -7573870.34598
1.48666666667e-06 0.103 -7054603.42288
1.49e-06 0.1035 -6687840.60187
1.49333333333e-06 0.104 -6076782.88262
1.49666666667e-06 0.1045 -5669761.67204
1.5e-06 0.105 -5256194.05139
1.50333333333e-06 0.1055 -4825213.67121
1.50666666667e-06 0.106 -4421822.40956
1.51e-06 0.1065 -4094855.5893
1.51333333333e-06 0.107 -3729854.92876
1.51666666667e-06 0.1075 -3409368.30236
1.52e-06 0.108 -3103139.72027
1.52333333333e-06 0.1085 -2847366.85988
1.52666666667e-06 0.109 -2543938.80516
1.53e-06 0.1095 -2345616.734
1.53333333333e-06 0.11 -2108950.75838
1.53666666667e-06 0.1105 -1892061.08631
1.54e-06 0.111 -1712064.92882
1.54333333333e-06 0.1115 -1542853.42497
1.54666666667e-06 0.112 -1382220.00012
1.55e-06 0.1125 -1233669.59054
1.55333333333e-06 0.113 -1101347.79764
1.55666666667e-06 0.1135 -989296.158265
1.56e-06 0.114 -874878.678922
1.56333333333e-06 0.1145 -782285.76993
1.56666666667e-06 0.115 -691097.938055
1.57e-06 0.1155 -614713.726893
1.57333333333e-06 0.116 -537627.544146
1.57666666667e-06 0.1165 -475309.681028
1.58e-06 0.117 -419689.245561
1.58333333333e-06 0.1175 -366531.647533
1.58666666667e-06 0.118 -316562.075326
1.59e-06 0.1185 -278612.329219
1.59333333333e-06 0.119 -243985.872348
1.59666666667e-06 0.1195 -210916.459963
1.6e-06 0.12 -181181.513076
1.60333333333e-06 0.1205 -157997.25063
1.60666666667e-06 0.121 -136116.841114
1.61e-06 0.1215 -117508.396613
1.61333333333e-06 0.122 -100706.690289
1.61666666667e-06 0.1225 -86067.5079404
1.62e-06 0.123 -73975.5485129
1.62333333333e-06 0.1235 -63394.6875924
1.62666666667e-06 0.124 -53861.7999187
1.63e-06 0.1245 -45705.2617791
1.63333333333e-06 0.125 -38374.7475029
1.63666666667e-06 0.1255 -33052.9665204
1.64e-06 0.126 -27834.1803209
1.64333333333e-06 0.1265 -23037.971962
1.64666666667e-06 0.127 -19398.0382864
1.65e-06 0.1275 -16406.6151778
1.65333333333e-06 0.128 -13654.353353
1.65666666667e-06 0.1285 -11421.93028
1.66e-06 0.129 -9386.2911398
1.66333333333e-06 0.1295 -7710.90836865
1.66666666667e-06 0.13 -6138.53059812
1.67e-06 0.1305 -4843.4601278
1.67333333333e-06 0.131 -3904.98817274
1.67666666667e-06 0.1315 -3161.03277698
1.68e-06 0.132 -2517.38599391
1.68333333333e-06 0.1325 -2039.99803489
1.68666666667e-06 0.133 -1659.33788011
1.69e-06 0.1335 -1332.32733929
1.69333333333e-06 0.134 -1058.70911724
1.69666666667e-06 0.1345 -855.146112724
1.7e-06 0.135 -687.120768726
1.70333333333e-06 0.1355 -550.241092375
1.70666666667e-06 0.136 -442.290511828
1.71e-06 0.1365 -353.51179414
1.71333333333e-06 0.137 -279.000973173
1.71666666667e-06 0.1375 -223.236645684
1.72e-06 0.138 -177.21456388
1.72333333333e-06 0.1385 -142.05561614
1.72666666667e-06 0.139 -111.662724579
1.73e-06 0.1395 -88.1503217932
1.73333333333e-06 0.14 -69.5959683765
1.73666666667e-06 0.1405 -55.1227626977
1.74e-06 0.141 -43.4724874733
1.74333333333e-06 0.1415 -34.0797842806
1.74666666667e-06 0.142 -26.6605342565
1.75e-06 0.1425 -20.9016510889
1.75333333333e-06 0.143 -16.2096932584
1.75666666667e-06 0.1435 -12.8141264278
1.76e-06 0.144 -9.92323586165
1.76333333333e-06 0.1445 -7.72201916991
1.76666666667e-06 0.145 -5.99709851988
1.77e-06 0.1455 -4.63621932295
1.77333333333e-06 0.146 -3.57617876905
1.77666666667e-06 0.1465 -2.75479965966
1.78e-06 0.147 -2.13036872702
1.78333333333e-06 0.1475 -1.64407230577
1.78666666667e-06 0.148 -1.25671679553
1.79e-06 0.1485 -0.967827983528
1.79333333333e-06 0.149 -0.73407033518
1.79666666667e-06 0.1495 -0.564906059531
1.8e-06 0.15 -0.427292167762
1.80333333333e-06 0.1505 -0.327059660139
1.80666666667e-06 0.151 -0.245393758175
1.81e-06 0.1515 -0.189135071071
1.81333333333e-06 0.152 -0.140904279177
1.81666666667e-06 0.1525 -0.107360380394
1.82e-06 0.153 -0.0809066950279
1.82333333333e-06 0.1535 -0.0609697203741
1.82666666667e-06 0.154 -0.0454314261721
1.83e-06 0.1545 -0.0342522862089
1.83333333333e-06 0.155 -0.0255391812746
1.83666666667e-06 0.1555 -0.0192224807173
1.84e-06 0.156 -0.0141614607883
1.84333333333e-06 0.1565 -0.0105706567029
1.84666666667e-06 0.157 -0.00786717357908
1.85e-06 0.1575 -0.00585179480065
1.85333333333e-06 0.158 -0.00432880983861
1.85666666667e-06 0.1585 -0.00317388526418
1.86e-06 0.159 -0.00234648802231
1.86333333333e-06 0.1595 -0.00172549391229
1.86666666667e-06 0.16 -0.00126290308131
1.87e-06 0.1605 -0.000936053070764
1.87333333333e-06 0.161 -0.000678426784359
1.87666666667e-06 0.1615 -0.000495905906675
1.88e-06 0.162 -0.000363183991675
1.88333333333e-06 0.1625 -0.000262757159088
1.88666666667e-06 0.163 -0.000190816944857
1.89e-06 0.1635 -0.000138754099971
1.89333333333e-06 0.164 -0.000100327735736
1.89666666667e-06 0.1645 -7.2259985548e-05
1.9e-06 0.165 -5.20803817275e-05
1.90333333333e-06 0.1655 -3.76295902219e-05
1.90666666667e-06 0.166 -2.68887238182e-05
1.91e-06 0.1665 -1.92482156272e-05
1.91333333333e-06 0.167 -1.37409713735e-05
1.91666666667e-06 0.1675 -9.8622242448e-06
1.92e-06 0.168 -7.03058544474e-06
1.92333333333e-06 0.1685 -4.99154188637e-06
1.92666666667e-06 0.169 -3.50481278795e-06
1.93e-06 0.1695 -2.50968292021e-06
1.93333333333e-06 0.17 -1.78331614184e-06
1.93666666667e-06 0.1705 -1.23963328113e-06
1.94e-06 0.171 -8.76349043971e-07
1.94333333333e-06 0.1715 -6.15179217036e-07
1.94666666667e-06 0.172 -4.35531082559e-07
1.95e-06 0.1725 -3.02880651451e-07
1.95333333333e-06 0.173 -2.10877891652e-07
1.95666666667e-06 0.1735 -1.46800237785e-07
1.96e-06 0.174 -1.02592483503e-07
1.96333333333e-06 0.1745 -7.10842615512e-08
1.96666666667e-06 0.175 -4.91476488233e-08
1.97e-06 0.1755 -3.39882722535e-08
1.97333333333e-06 0.176 -2.3547743281e-08
1.97666666667e-06 0.1765 -1.62283844541e-08
1.98e-06 0.177 -1.10731183644e-08
1.98333333333e-06 0.1775 -7.62464932796e-09
1.98666666667e-06 0.178 -5.11721238701e-09
1.99e-06 0.1785 -3.57788506418e-09
1.99333333333e-06 0.179 -2.41522568435e-09
1.99666666667e-06 0.1795 -1.64606625111e-09
2e-06 0.18 -1.10301917005e-09
2.00333333333e-06 0.1805 -7.5353521608e-10
2.00666666667e-06 0.181 -5.07088589068e-10
2.01e-06 0.1815 -3.40898785277e-10
2.01333333333e-06 0.182 -2.29922413789e-10
2.01666666667e-06 0.1825 -1.52754944324e-10
2.02e-06 0.183 -1.02686263596e-10
2.02333333333e-06 0.1835 -6.74234359577e-11
2.02666666667e-06 0.184 -4.60432824233e-11
2.03e-06 0.1845 -2.98598043371e-11
2.03333333333e-06 0.185 -1.96446901064e-11
2.03666666667e-06 0.1855 -1.3172797823e-11
2.04e-06 0.186 -8.52703622521e-12
2.04333333333e-06 0.1865 -5.69378388124e-12
2.04666666667e-06 0.187 -3.63784558237e-12
2.05e-06 0.1875 -2.42976934483e-12
2.05333333333e-06 0.188 -1.52552079411e-12
2.05666666667e-06 0.1885 -1.00867312245e-12
2.06e-06 0.189 -6.4849506659e-13
2.06333333333e-06 0.1895 -4.11332465795e-13
2.06666666667e-06 0.19 -2.69712709518e-13
2.07e-06 0.1905 -1.65723631652e-13
2.07333333333e-06 0.191 -1.08105066046e-13
2.07666666667e-06 0.1915 -6.66339555125e-14
2.08e-06 0.192 -4.16683275484e-14
2.08333333333e-06 0.1925 -2.69407170297e-14
2.08666666667e-06 0.193 -1.57339475122e-14
2.09e-06 0.1935 -1.04690340179e-14
2.09333333333e-06 0.194 -5.78867963177e-15
2.09666666667e-06 0.1945 -3.74663382793e-15
2.1e-06 0.195 -2.16779210616e-15
2.10333333333e-06 0.1955 -1.26479154099e-15
2.10666666667e-06 0.196 -8.03965544588e-16
2.11e-06 0.1965 -3.87410118732e-16
2.11333333333e-06 0.197 -2.44172796332e-16
2.11666666667e-06 0.1975 -1.21443674915e-16
2.12e-06 0.198 -6.58652273655e-17
2.12333333333e-06 0.1985 -3.20213128625e-17
2.12666666667e-06 0.199 -1.01585271944e-17
2.13e-06 0.1995 -3.85499010036e-18
2.13333333333e-06 0.2 -6.03893044822e-19
2.13666666667e-06 0.2005 0.0
2.14e-06 0.201 0.0
2.14333333333e-06 0.2015 0.0
2.14666666667e-06 0.202 0.0
2.15e-06 0.2025 0.0
2.15333333333e-06 0.203 0.0
2.15666666667e-06 0.2035 0.0
2.16e-06 0.204 0.0
2.16333333333e-06 0.2045 0.0
2.16666666667e-06 0.205 0.0
2.17e-06 0.2055 0.0
2.17333333333e-06 0.206 0.0
2.17666666667e-06 0.2065 0.0
2.18e-06 0.207 0.0
2.18333333333e-06 0.2075 0.0
2.18666666667e-06 0.208 0.0
2.19e-06 0.2085 0.0
2.19333333333e-06 0.209 0.0
2.19666666667e-06 0.2095 0.0
2.2e-06 0.21 0.0
2.20333333333e-06 0.2105 0.0
2.20666666667e-06 0.211 0.0
2.21e-06 0.2115 0.0
2.21333333333e-06 0.212 0.0
2.21666666667e-06 0.2125 0.0
2.22e-06 0.213 0.0
2.22333333333e-06 0.2135 0.0
2.22666666667e-06 0.214 0.0
2.23e-06 0.2145 0.0
2.23333333333e-06 0.215 0.0
2.23666666667e-06 0.2155 0.0
2.24e-06 0.216 0.0
2.24333333333e-06 0.2165 0.0
2.24666666667e-06 0.217 0.0
2.25e-06 0.2175 0.0
2.25333333333e-06 0.218 0.0
2.25666666667e-06 0.2185 0.0
2.26e-06 0.219 0.0
2.26333333333e-06 0.2195 0.0
2.26666666667e-06 0.22 0.0
2.27e-06 0.2205 0.0
2.27333333333e-06 0.221 0.0
2.27666666667e-06 0.2215 0.0
2.28e-06 0.222 0.0
2.28333333333e-06 0.2225 0.0
2.28666666667e-06 0.223 0.0
2.29e-06 0.2235 0.0
2.29333333333e-06 0.224 0.0
2.29666666667e-06 0.2245 0.0
2.3e-06 0.225 0.0
2.30333333333e-06 0.2255 0.0
2.30666666667e-06 0.226 0.0
2.31e-06 0.2265 0.0
2.31333333333e-06 0.227 0.0
2.31666666667e-06 0.2275 0.0
2.32e-06 0.228 0.0
2.32333333333e-06 0.2285 0.0
2.32666666667e-06 0.229 0.0
2.33e-06 0.2295 0.0
2.33333333333e-06 0.23 0.0
2.33666666667e-06 0.2305 0.0
2.34e-06 0.231 0.0
2.34333333333e-06 0.2315 0.0
2.34666666667e-06 0.232 0.0
2.35e-06 0.2325 0.0
2.35333333333e-06 0.233 0.0
2.35666666667e-06 0.2335 0.0
2.36e-06 0.234 0.0
2.36333333333e-06 0.2345 0.0
2.36666666667e-06 0.235 0.0
2.37e-06 0.2355 0.0
2.37333333333e-06 0.236 0.0
2.37666666667e-06 0.2365 0.0
2.38e-06 0.237 0.0
2.38333333333e-06 0.2375 0.0
2.38666666667e-06 0.238 0.0
2.39e-06 0.2385 0.0
2.39333333333e-06 0.239 0.0
2.39666666667e-06 0.2395 0.0
2.4e-06 0.24 0.0
2.40333333333e-06 0.2405 0.0
2.40666666667e-06 0.241 0.0
2.41e-06 0.2415 0.0
2.41333333333e-06 0.242 0.0
2.41666666667e-06 0.2425 0.0
2.42e-06 0.243 0.0
2.42333333333e-06 0.2435 0.0
2.42666666667e-06 0.244 0.0
2.43e-06 0.2445 0.0
2.43333333333e-06 0.245 0.0
2.43666666667e-06 0.2455 0.0
2.44e-06 0.246 0.0
2.44333333333e-06 0.2465 0.0
2.44666666667e-06 0.247 0.0
2.45e-06 0.2475 0.0
2.45333333333e-06 0.248 0.0
2.45666666667e-06 0.2485 0.0
2.46e-06 0.249 0.0
2.46333333333e-06 0.2495 0.0
2.46666666667e-06 0.25 0.0
2.47e-06 0.2505 0.0
2.47333333333e-06 0.251 0.0
2.47666666667e-06 0.2515 0.0
2.48e-06 0.252 0.0
2.48333333333e-06 0.2525 0.0
2.48666666667e-06 0.253 0.0
2.49e-06 0.2535 0.0
2.49333333333e-06 0.254 0.0
2.49666666667e-06 0.2545 0.0
2.5e-06 0.255 0.0
2.50333333333e-06 0.2555 0.0
2.50666666667e-06 0.256 0.0
2.51e-06 0.2565 0.0
2.51333333333e-06 0.257 0.0
2.51666666667e-06 0.2575 0.0
2.52e-06 0.258 0.0
2.52333333333e-06 0.2585 0.0
2.52666666667e-06 0.259 0.0
2.53e-06 0.2595 0.0
2.53333333333e-06 0.26 0.0
2.53666666667e-06 0.2605 0.0
2.54e-06 0.261 0.0
2.54333333333e-06 0.2615 0.0
2.54666666667e-06 0.262 0.0
2.55e-06 0.2625 0.0
2.55333333333e-06 0.263 0.0
2.55666666667e-06 0.2635 0.0
2.56e-06 0.264 0.0
2.56333333333e-06 0.2645 0.0
2.56666666667e-06 0.265 0.0
2.57e-06 0.2655 0.0
2.57333333333e-06 0.266 0.0
2.57666666667e-06 0.2665 0.0
2.58e-06 0.267 0.0
2.58333333333e-06 0.2675 0.0
2.58666666667e-06 0.268 0.0
2.59e-06 0.2685 0.0
2.59333333333e-06 0.269 0.0
2.59666666667e-06 0.2695 0.0
2.6e-06 0.27 0.0
2.60333333333e-06 0.2705 0.0
2.60666666667e-06 0.271 0.0
2.61e-06 0.2715 0.0
2.61333333333e-06 0.272 0.0
2.61666666667e-06 0.2725 0.0
2.62e-06 0.273 0.0
2.62333333333e-06 0.2735 0.0
2.62666666667e-06 0.274 0.0
2.63e-06 0.2745 0.0
2.63333333333e-06 0.275 0.0
2.63666666667e-06 0.2755 0.0
2.64e-06 0.276 0.0
2.64333333333e-06 0.2765 0.0
2.64666666667e-06 0.277 0.0
2.65e-06 0.2775 0.0
2.65333333333e-06 0.278 0.0
2.65666666667e-06 0.2785 0.0
2.66e-06 0.279 0.0
2.66333333333e-06 0.2795 0.0
2.66666666667e-06 0.28 0.0
2.67e-06 0.2805 0.0
2.67333333333e-06 0.281 0.0
2.67666666667e-06 0.2815 0.0
2.68e-06 0.282 0.0
2.68333333333e-06 0.2825 0.0
2.68666666667e-06 0.283 0.0
2.69e-06 0.2835 0.0
2.69333333333e-06 0.284 0.0
2.69666666667e-06 0.2845 0.0
2.7e-06 0.285 0.0
2.70333333333e-06 0.2855 0.0
2.70666666667e-06 0.286 0.0
2.71e-06 0.2865 0.0
2.71333333333e-06 0.287 0.0
2.71666666667e-06 0.2875 0.0
2.72e-06 0.288 0.0
2.72333333333e-06 0.2885 0.0
2.72666666667e-06 0.289 0.0
2.73e-06 0.2895 0.0
2.73333333333e-06 0.29 0.0
2.73666666667e-06 0.2905 0.0
2.74e-06 0.291 0.0
2.74333333333e-06 0.2915 0.0
2.74666666667e-06 0.292 0.0
2.75e-06 0.2925 0.0
2.75333333333e-06 0.293 0.0
2.75666666667e-06 0.2935 0.0
2.76e-06 0.294 0.0
2.76333333333e-06 0.2945 0.0
2.76666666667e-06 0.295 0.0
2.77e-06 0.2955 0.0
2.77333333333e-06 0.296 0.0
2.77666666667e-06 0.2965 0.0
2.78e-06 0.297 0.0
2.78333333333e-06 0.2975 0.0
2.78666666667e-06 0.298 0.0
2.79e-06 0.2985 0.0
2.79333333333e-06 0.299 0.0
2.79666666667e-06 0.2995 0.0
2.8e-06 0.3 0.0
2.80333333333e-06 0.3005 0.0
2.80666666667e-06 0.301 0.0
2.81e-06 0.3015 0.0
2.81333333333e-06 0.302 0.0
2.81666666667e-06 0.3025 0.0
2.82e-06 0.303 0.0
2.82333333333e-06 0.3035 0.0
2.82666666667e-06 0.304 0.0
2.83e-06 0.3045 0.0
2.83333333333e-06 0.305 0.0
2.83666666667e-06 0.3055 0.0
2.84e-06 0.306 0.0
2.84333333333e-06 0.3065 0.0
2.84666666667e-06 0.307 0.0
2.85e-06 0.3075 0.0
2.85333333333e-06 0.308 0.0
2.85666666667e-06 0.3085 0.0
2.86e-06 0.309 0.0
2.86333333333e-06 0.3095 0.0
2.86666666667e-06 0.31 0.0
2.87e-06 0.3105 0.0
2.87333333333e-06 0.311 0.0
2.87666666667e-06 0.3115 0.0
2.88e-06 0.312 0.0
2.88333333333e-06 0.3125 0.0
2.88666666667e-06 0.313 0.0
2.89e-06 0.3135 0.0
2.89333333333e-06 0.314 0.0
2.89666666667e-06 0.3145 0.0
2.9e-06 0.315 0.0
2.90333333333e-06 0.3155 0.0
2.90666666667e-06 0.316 0.0
2.91e-06 0.3165 0.0
2.91333333333e-06 0.317 0.0
2.91666666667e-06 0.3175 0.0
2.92e-06 0.318 0.0
2.92333333333e-06 0.3185 0.0
2.92666666667e-06 0.319 0.0
2.93e-06 0.3195 0.0
2.93333333333e-06 0.32 0.0
2.93666666667e-06 0.3205 0.0
2.94e-06 0.321 0.0
2.94333333333e-06 0.3215 0.0
2.94666666667e-06 0.322 0.0
2.95e-06 0.3225 0.0
2.95333333333e-06 0.323 0.0
2.95666666667e-06 0.3235 0.0
2.96e-06 0.324 0.0
2.96333333333e-06 0.3245 0.0
2.96666666667e-06 0.325 0.0
2.97e-06 0.3255 0.0
2.97333333333e-06 0.326 0.0
2.97666666667e-06 0.3265 0.0
2.98e-06 0.327 0.0
2.98333333333e-06 0.3275 0.0
2.98666666667e-06 0.328 0.0
2.99e-06 0.3285 0.0
2.99333333333e-06 0.329 0.0
2.99666666667e-06 0.3295 0.0
3e-06 0.33 0.0
3.00333333333e-06 0.3305 0.0
3.00666666667e-06 0.331 0.0
3.01e-06 0.3315 0.0
3.01333333333e-06 0.332 0.0
3.01666666667e-06 0.3325 0.0
3.02e-06 0.333 0.0
3.02333333333e-06 0.3335 0.0
3.02666666667e-06 0.334 0.0
3.03e-06 0.3345 0.0
3.03333333333e-06 0.335 0.0
3.03666666667e-06 0.3355 0.0
3.04e-06 0.336 0.0
3.04333333333e-06 0.3365 0.0
3.04666666667e-06 0.337 0.0
3.05e-06 0.3375 0.0
3.05333333333e-06 0.338 0.0
3.05666666667e-06 0.3385 0.0
3.06e-06 0.339 0.0
3.06333333333e-06 0.3395 0.0
3.06666666667e-06 0.34 0.0
3.07e-06 0.3405 0.0
3.07333333333e-06 0.341 0.0
3.07666666667e-06 0.3415 0.0
3.08e-06 0.342 0.0
3.08333333333e-06 0.3425 0.0
3.08666666667e-06 0.343 0.0
3.09e-06 0.3435 0.0
3.09333333333e-06 0.344 0.0
3.09666666667e-06 0.3445 0.0
3.1e-06 0.345 0.0
3.10333333333e-06 0.3455 0.0
3.10666666667e-06 0.346 0.0
3.11e-06 0.3465 0.0
3.11333333333e-06 0.347 0.0
3.11666666667e-06 0.3475 0.0
3.12e-06 0.348 0.0
3.12333333333e-06 0.3485 0.0
3.12666666667e-06 0.349 0.0
3.13e-06 0.3495 0.0
3.13333333333e-06 0.35 0.0
3.13666666667e-06 0.3505 0.0
3.14e-06 0.351 0.0
3.14333333333e-06 0.3515 0.0
3.14666666667e-06 0.352 0.0
3.15e-06 0.3525 0.0
3.15333333333e-06 0.353 0.0
3.15666666667e-06 0.3535 0.0
3.16e-06 0.354 0.0
3.16333333333e-06 0.3545 0.0
3.16666666667e-06 0.355 0.0
3.17e-06 0.3555 0.0
3.17333333333e-06 0.356 0.0
3.17666666667e-06 0.3565 0.0
3.18e-06 0.357 0.0
3.18333333333e-06 0.3575 0.0
3.18666666667e-06 0.358 0.0
3.19e-06 0.3585 0.0
3.19333333333e-06 0.359 0.0
3.19666666667e-06 0.3595 0.0
3.2e-06 0.36 0.0
3.20333333333e-06 0.3605 0.0
3.20666666667e-06 0.361 0.0
3.21e-06 0.3615 0.0
3.21333333333e-06 0.362 0.0
3.21666666667e-06 0.3625 0.0
3.22e-06 0.363 0.0
3.22333333333e-06 0.3635 0.0
3.22666666667e-06 0.364 0.0
3.23e-06 0.3645 0.0
3.23333333333e-06 0.365 0.0
3.23666666667e-06 0.3655 0.0
3.24e-06 0.366 0.0
3.24333333333e-06 0.3665 0.0
3.24666666667e-06 0.367 0.0
3.25e-06 0.3675 0.0
3.25333333333e-06 0.368 0.0
3.25666666667e-06 0.3685 0.0
3.26e-06 0.369 0.0
3.26333333333e-06 0.3695 0.0
3.26666666667e-06 0.37 0.0
3.27e-06 0.3705 0.0
3.27333333333e-06 0.371 0.0
3.27666666667e-06 0.3715 0.0
3.28e-06 0.372 0.0
3.28333333333e-06 0.3725 0.0
3.28666666667e-06 0.373 0.0
3.29e-06 0.3735 0.0
3.29333333333e-06 0.374 0.0
3.29666666667e-06 0.3745 0.0
3.3e-06 0.375 0.0
3.30333333333e-06 0.3755 0.0
3.30666666667e-06 0.376 0.0
3.31e-06 0.3765 0.0
3.31333333333e-06 0.377 0.0
3.31666666667e-06 0.3775 0.0
3.32e-06 0.378 0.0
3.32333333333e-06 0.3785 0.0
3.32666666667e-06 0.379 0.0
3.33e-06 0.3795 0.0
3.33333333333e-06 0.38 0.0
3.33666666667e-06 0.3805 0.0
3.34e-06 0.381 0.0
3.34333333333e-06 0.3815 0.0
3.34666666667e-06 0.382 0.0
3.35e-06 0.3825 0.0
3.35333333333e-06 0.383 0.0
3.35666666667e-06 0.3835 0.0
3.36e-06 0.384 0.0
3.36333333333e-06 0.3845 0.0
3.36666666667e-06 0.385 0.0
3.37e-06 0.3855 0.0
3.37333333333e-06 0.386 0.0
3.37666666667e-06 0.3865 0.0
3.38e-06 0.387 0.0
3.38333333333e-06 0.3875 0.0
3.38666666667e-06 0.388 0.0
3.39e-06 0.3885 0.0
3.39333333333e-06 0.389 0.0
3.39666666667e-06 0.3895 0.0
3.4e-06 0.39 0.0
3.40333333333e-06 0.3905 0.0
3.40666666667e-06 0.391 0.0
3.41e-06 0.3915 0.0
3.41333333333e-06 0.392 0.0
3.41666666667e-06 0.3925 0.0
3.42e-06 0.393 0.0
3.42333333333e-06 0.3935 0.0
3.42666666667e-06 0.394 0.0
3.43e-06 0.3945 0.0
3.43333333333e-06 0.395 0.0
3.43666666667e-06 0.3955 0.0
3.44e-06 0.396 0.0
3.44333333333e-06 0.3965 0.0
3.44666666667e-06 0.397 0.0
3.45e-06 0.3975 0.0
3.45333333333e-06 0.398 0.0
3.45666666667e-06 0.3985 0.0
3.46e-06 0.399 0.0
3.46333333333e-06 0.3995 0.0
3.46666666667e-06 0.4 0.0
3.47e-06 0.4005 0.0
3.47333333333e-06 0.401 0.0
3.47666666667e-06 0.4015 0.0
3.48e-06 0.402 0.0
3.48333333333e-06 0.4025 0.0
3.48666666667e-06 0.403 0.0
3.49e-06 0.4035 0.0
3.49333333333e-06 0.404 0.0
3.49666666667e-06 0.4045 0.0
3.5e-06 0.405 0.0
3.50333333333e-06 0.4055 0.0
3.50666666667e-06 0.406 0.0
3.51e-06 0.4065 0.0
3.51333333333e-06 0.407 0.0
3.51666666667e-06 0.4075 0.0
3.52e-06 0.408 0.0
3.52333333333e-06 0.4085 0.0
3.52666666667e-06 0.409 0.0
3.53e-06 0.4095 0.0
3.53333333333e-06 0.41 0.0
3.53666666667e-06 0.4105 0.0
3.54e-06 0.411 0.0
3.54333333333e-06 0.4115 0.0
3.54666666667e-06 0.412 0.0
3.55e-06 0.4125 0.0
3.55333333333e-06 0.413 0.0
3.55666666667e-06 0.4135 0.0
3.56e-06 0.414 0.0
3.56333333333e-06 0.4145 0.0
3.56666666667e-06 0.415 0.0
3.57e-06 0.4155 0.0
3.57333333333e-06 0.416 0.0
3.57666666667e-06 0.4165 0.0
3.58e-06 0.417 0.0
3.58333333333e-06 0.4175 0.0
3.58666666667e-06 0.418 0.0
3.59e-06 0.4185 0.0
3.59333333333e-06 0.419 0.0
3.59666666667e-06 0.4195 0.0
3.6e-06 0.42 0.0
3.60333333333e-06 0.4205 0.0
3.60666666667e-06 0.421 0.0
3.61e-06 0.4215 0.0
3.61333333333e-06 0.422 0.0
3.61666666667e-06 0.4225 0.0
3.62e-06 0.423 0.0
3.62333333333e-06 0.4235 0.0
3.62666666667e-06 0.424 0.0
3.63e-06 0.4245 0.0
3.63333333333e-06 0.425 0.0
3.63666666667e-06 0.4255 0.0
3.64e-06 0.426 0.0
3.64333333333e-06 0.4265 0.0
3.64666666667e-06 0.427 0.0
3.65e-06 0.4275 0.0
3.65333333333e-06 0.428 0.0
3.65666666667e-06 0.4285 0.0
3.66e-06 0.429 0.0
3.66333333333e-06 0.4295 0.0
3.66666666667e-06 0.43 0.0
3.67e-06 0.4305 0.0
3.67333333333e-06 0.431 0.0
3.67666666667e-06 0.4315 0.0
3.68e-06 0.432 0.0
3.68333333333e-06 0.4325 0.0
3.68666666667e-06 0.433 0.0
3.69e-06 0.4335 0.0
3.69333333333e-06 0.434 0.0
3.69666666667e-06 0.4345 0.0
3.7e-06 0.435 0.0
3.70333333333e-06 0.4355 0.0
3.70666666667e-06 0.436 0.0
3.71e-06 0.4365 0.0
3.71333333333e-06 0.437 0.0
3.71666666667e-06 0.4375 0.0
3.72e-06 0.438 0.0
3.72333333333e-06 0.4385 0.0
3.72666666667e-06 0.439 0.0
3.73e-06 0.4395 0.0
3.73333333333e-06 0.44 0.0
3.73666666667e-06 0.4405 0.0
3.74e-06 0.441 0.0
3.74333333333e-06 0.4415 0.0
3.74666666667e-06 0.442 0.0
3.75e-06 0.4425 0.0
3.75333333333e-06 0.443 0.0
3.75666666667e-06 0.4435 0.0
3.76e-06 0.444 0.0
3.76333333333e-06 0.4445 0.0
3.76666666667e-06 0.445 0.0
3.77e-06 0.4455 0.0
3.77333333333e-06 0.446 0.0
3.77666666667e-06 0.4465 0.0
3.78e-06 0.447 0.0
3.78333333333e-06 0.4475 0.0
3.78666666667e-06 0.448 0.0
3.79e-06 0.4485 0.0
3.79333333333e-06 0.449 0.0
3.79666666667e-06 0.4495 0.0
3.8e-06 0.45 0.0
3.80333333333e-06 0.4505 0.0
3.80666666667e-06 0.451 0.0
3.81e-06 0.4515 0.0
3.81333333333e-06 0.452 0.0
3.81666666667e-06 0.4525 0.0
3.82e-06 0.453 0.0
3.82333333333e-06 0.4535 0.0
3.82666666667e-06 0.454 0.0
3.83e-06 0.4545 0.0
3.83333333333e-06 0.455 0.0
3.83666666667e-06 0.4555 0.0
3.84e-06 0.456 0.0
3.84333333333e-06 0.4565 0.0
3.84666666667e-06 0.457 0.0
3.85e-06 0.4575 0.0
3.85333333333e-06 0.458 0.0
3.85666666667e-06 0.4585 0.0
3.86e-06 0.459 0.0
3.86333333333e-06 0.4595 0.0
3.86666666667e-06 0.46 0.0
3.87e-06 0.4605 0.0
3.87333333333e-06 0.461 0.0
3.87666666667e-06 0.4615 0.0
3.88e-06 0.462 0.0
3.88333333333e-06 0.4625 0.0
3.88666666667e-06 0.463 0.0
3.89e-06 0.4635 0.0
3.89333333333e-06 0.464 0.0
3.89666666667e-06 0.4645 0.0
3.9e-06 0.465 0.0
3.90333333333e-06 0.4655 0.0
3.90666666667e-06 0.466 0.0
3.91e-06 0.4665 0.0
3.91333333333e-06 0.467 0.0
3.91666666667e-06 0.4675 0.0
3.92e-06 0.468 0.0
3.92333333333e-06 0.4685 0.0
3.92666666667e-06 0.469 0.0
3.93e-06 0.4695 0.0
3.93333333333e-06 0.47 0.0
3.93666666667e-06 0.4705 0.0
3.94e-06 0.471 0.0
3.94333333333e-06 0.4715 0.0
3.94666666667e-06 0.472 0.0
3.95e-06 0.4725 0.0
3.95333333333e-06 0.473 0.0
3.95666666667e-06 0.4735 0.0
3.96e-06 0.474 0.0
3.96333333333e-06 0.4745 0.0
3.96666666667e-06 0.475 0.0
3.97e-06 0.4755 0.0
3.97333333333e-06 0.476 0.0
3.97666666667e-06 0.4765 0.0
3.98e-06 0.477 0.0
3.98333333333e-06 0.4775 0.0
3.98666666667e-06 0.478 0.0
3.99e-06 0.4785 0.0
3.99333333333e-06 0.479 0.0
3.99666666667e-06 0.4795 0.0
4e-06 0.48 0.0
4.00333333333e-06 0.4805 0.0
4.00666666667e-06 0.481 0.0
4.01e-06 0.4815 0.0
4.01333333333e-06 0.482 0.0
4.01666666667e-06 0.4825 0.0
4.02e-06 0.483 0.0
4.02333333333e-06 0.4835 0.0
4.02666666667e-06 0.484 0.0
4.03e-06 0.4845 0.0
4.03333333333e-06 0.485 0.0
4.03666666667e-06 0.4855 0.0
4.04e-06 0.486 0.0
4.04333333333e-06 0.4865 0.0
4.04666666667e-06 0.487 0.0
4.05e-06 0.4875 0.0
4.05333333333e-06 0.488 0.0
4.05666666667e-06 0.4885 0.0
4.06e-06 0.489 0.0
4.06333333333e-06 0.4895 0.0
4.06666666667e-06 0.49 0.0
4.07e-06 0.4905 0.0
4.07333333333e-06 0.491 0.0
4.07666666667e-06 0.4915 0.0
4.08e-06 0.492 0.0
4.08333333333e-06 0.4925 0.0
4.08666666667e-06 0.493 0.0
4.09e-06 0.4935 0.0
4.09333333333e-06 0.494 0.0
4.09666666667e-06 0.4945 0.0
4.1e-06 0.495 0.0
4.10333333333e-06 0.4955 0.0
4.10666666667e-06 0.496 0.0
4.11e-06 0.4965 0.0
4.11333333333e-06 0.497 0.0
4.11666666667e-06 0.4975 0.0
4.12e-06 0.498 0.0
4.12333333333e-06 0.4985 0.0
