# (t in s) (c0 tau in cm) (p(tau) in au)
0.0 -0.12 0.0
3.33333333333e-09 -0.1195 0.0
6.66666666667e-09 -0.119 0.0
1e-08 -0.1185 0.0
1.33333333333e-08 -0.118 0.0
1.66666666667e-08 -0.1175 0.0
2e-08 -0.117 0.0
2.33333333333e-08 -0.1165 0.0
2.66666666667e-08 -0.116 0.0
3e-08 -0.1155 0.0
3.33333333333e-08 -0.115 0.0
3.66666666667e-08 -0.1145 0.0
4e-08 -0.114 0.0
4.33333333333e-08 -0.1135 0.0
4.66666666667e-08 -0.113 0.0
5e-08 -0.1125 0.0
5.33333333333e-08 -0.112 0.0
5.66666666667e-08 -0.1115 0.0
6e-08 -0.111 0.0
6.33333333333e-08 -0.1105 0.0
6.66666666667e-08 -0.11 0.0
7e-08 -0.1095 0.0
7.33333333333e-08 -0.109 0.0
7.66666666667e-08 -0.1085 0.0
8e-08 -0.108 0.0
8.33333333333e-08 -0.1075 0.0
8.66666666667e-08 -0.107 0.0
9e-08 -0.1065 0.0
9.33333333333e-08 -0.106 0.0
9.66666666667e-08 -0.1055 0.0
1e-07 -0.105 0.0
1.03333333333e-07 -0.1045 0.0
1.06666666667e-07 -0.104 0.0
1.1e-07 -0.1035 0.0
1.13333333333e-07 -0.103 0.0
1.16666666667e-07 -0.1025 0.0
1.2e-07 -0.102 0.0
1.23333333333e-07 -0.1015 0.0
1.26666666667e-07 -0.101 0.0
1.3e-07 -0.1005 0.0
1.33333333333e-07 -0.1 0.0
1.36666666667e-07 -0.0995 0.0
1.4e-07 -0.099 0.0
1.43333333333e-07 -0.0985 0.0
1.46666666667e-07 -0.098 0.0
1.5e-07 -0.0975 0.0
1.53333333333e-07 -0.097 0.0
1.56666666667e-07 -0.0965 0.0
1.6e-07 -0.096 0.0
1.63333333333e-07 -0.0955 0.0
1.66666666667e-07 -0.095 0.0
1.7e-07 -0.0945 0.0
1.73333333333e-07 -0.094 0.0
1.76666666667e-07 -0.0935 0.0
1.8e-07 -0.093 0.0
1.83333333333e-07 -0.0925 0.0
1.86666666667e-07 -0.092 0.0
1.9e-07 -0.0915 0.0
1.93333333333e-07 -0.091 0.0
1.96666666667e-07 -0.0905 0.0
2e-07 -0.09 0.0
2.03333333333e-07 -0.0895 0.0
2.06666666667e-07 -0.089 0.0
2.1e-07 -0.0885 0.0
2.13333333333e-07 -0.088 0.0
2.16666666667e-07 -0.0875 0.0
2.2e-07 -0.087 0.0
2.23333333333e-07 -0.0865 0.0
2.26666666667e-07 -0.086 0.0
2.3e-07 -0.0855 0.0
2.33333333333e-07 -0.085 0.0
2.36666666667e-07 -0.0845 0.0
2.4e-07 -0.084 0.0
2.43333333333e-07 -0.0835 0.0
2.46666666667e-07 -0.083 0.0
2.5e-07 -0.0825 0.0
2.53333333333e-07 -0.082 0.0
2.56666666667e-07 -0.0815 0.0
2.6e-07 -0.081 0.0
2.63333333333e-07 -0.0805 0.0
2.66666666667e-07 -0.08 0.0
2.7e-07 -0.0795 0.0
2.73333333333e-07 -0.079 0.0
2.76666666667e-07 -0.0785 0.0
2.8e-07 -0.078 0.0
2.83333333333e-07 -0.0775 0.0
2.86666666667e-07 -0.077 0.0
2.9e-07 -0.0765 0.0
2.93333333333e-07 -0.076 0.0
2.96666666667e-07 -0.0755 0.0
3e-07 -0.075 0.0
3.03333333333e-07 -0.0745 0.0
3.06666666667e-07 -0.074 0.0
3.1e-07 -0.0735 0.0
3.13333333333e-07 -0.073 0.0
3.16666666667e-07 -0.0725 0.0
3.2e-07 -0.072 0.0
3.23333333333e-07 -0.0715 0.0
3.26666666667e-07 -0.071 0.0
3.3e-07 -0.0705 0.0
3.33333333333e-07 -0.07 0.0
3.36666666667e-07 -0.0695 0.0
3.4e-07 -0.069 0.0
3.43333333333e-07 -0.0685 0.0
3.46666666667e-07 -0.068 0.0
3.5e-07 -0.0675 0.0
3.53333333333e-07 -0.067 0.0
3.56666666667e-07 -0.0665 0.0
3.6e-07 -0.066 0.0
3.63333333333e-07 -0.0655 0.0
3.66666666667e-07 -0.065 0.0
3.7e-07 -0.0645 0.0
3.73333333333e-07 -0.064 0.0
3.76666666667e-07 -0.0635 0.0
3.8e-07 -0.063 0.0
3.83333333333e-07 -0.0625 0.0
3.86666666667e-07 -0.062 0.0
3.9e-07 -0.0615 0.0
3.93333333333e-07 -0.061 0.0
3.96666666667e-07 -0.0605 0.0
4e-07 -0.06 0.0
4.03333333333e-07 -0.0595 0.0
4.06666666667e-07 -0.059 0.0
4.1e-07 -0.0585 0.0
4.13333333333e-07 -0.058 0.0
4.16666666667e-07 -0.0575 0.0
4.2e-07 -0.057 0.0
4.23333333333e-07 -0.0565 0.0
4.26666666667e-07 -0.056 0.0
4.3e-07 -0.0555 0.0
4.33333333333e-07 -0.055 0.0
4.36666666667e-07 -0.0545 0.0
4.4e-07 -0.054 0.0
4.43333333333e-07 -0.0535 0.0
4.46666666667e-07 -0.053 0.0
4.5e-07 -0.0525 0.0
4.53333333333e-07 -0.052 0.0
4.56666666667e-07 -0.0515 0.0
4.6e-07 -0.051 0.0
4.63333333333e-07 -0.0505 0.0
4.66666666667e-07 -0.05 0.0
4.7e-07 -0.0495 0.0
4.73333333333e-07 -0.049 0.0
4.76666666667e-07 -0.0485 0.0
4.8e-07 -0.048 0.0
4.83333333333e-07 -0.0475 0.0
4.86666666667e-07 -0.047 0.0
4.9e-07 -0.0465 0.0
4.93333333333e-07 -0.046 0.0
4.96666666667e-07 -0.0455 0.0
5e-07 -0.045 0.0
5.03333333333e-07 -0.0445 0.0
5.06666666667e-07 -0.044 0.0
5.1e-07 -0.0435 0.0
5.13333333333e-07 -0.043 0.0
5.16666666667e-07 -0.0425 0.0
5.2e-07 -0.042 0.0
5.23333333333e-07 -0.0415 0.0
5.26666666667e-07 -0.041 0.0
5.3e-07 -0.0405 0.0
5.33333333333e-07 -0.04 0.0
5.36666666667e-07 -0.0395 0.0
5.4e-07 -0.039 0.0
5.43333333333e-07 -0.0385 0.0
5.46666666667e-07 -0.038 0.0
5.5e-07 -0.0375 0.0
5.53333333333e-07 -0.037 0.0
5.56666666667e-07 -0.0365 0.0
5.6e-07 -0.036 0.0
5.63333333333e-07 -0.0355 0.0
5.66666666667e-07 -0.035 0.0
5.7e-07 -0.0345 0.0
5.73333333333e-07 -0.034 0.0
5.76666666667e-07 -0.0335 0.0
5.8e-07 -0.033 0.0
5.83333333333e-07 -0.0325 0.0
5.86666666667e-07 -0.032 0.0
5.9e-07 -0.0315 0.0
5.93333333333e-07 -0.031 0.0
5.96666666667e-07 -0.0305 0.0
6e-07 -0.03 0.0
6.03333333333e-07 -0.0295 0.0
6.06666666667e-07 -0.029 0.0
6.1e-07 -0.0285 0.0
6.13333333333e-07 -0.028 0.0
6.16666666667e-07 -0.0275 0.0
6.2e-07 -0.027 0.0
6.23333333333e-07 -0.0265 0.0
6.26666666667e-07 -0.026 0.0
6.3e-07 -0.0255 0.0
6.33333333333e-07 -0.025 0.0
6.36666666667e-07 -0.0245 0.0
6.4e-07 -0.024 0.0
6.43333333333e-07 -0.0235 0.0
6.46666666667e-07 -0.023 0.0
6.5e-07 -0.0225 0.0
6.53333333333e-07 -0.022 0.0
6.56666666667e-07 -0.0215 0.0
6.6e-07 -0.021 0.0
6.63333333333e-07 -0.0205 0.0
6.66666666667e-07 -0.02 0.0
6.7e-07 -0.0195 0.0
6.73333333333e-07 -0.019 0.0
6.76666666667e-07 -0.0185 0.0
6.8e-07 -0.018 0.0
6.83333333333e-07 -0.0175 0.0
6.86666666667e-07 -0.017 0.0
6.9e-07 -0.0165 0.0
6.93333333333e-07 -0.016 0.0
6.96666666667e-07 -0.0155 0.0
7e-07 -0.015 0.0
7.03333333333e-07 -0.0145 0.0
7.06666666667e-07 -0.014 0.0
7.1e-07 -0.0135 0.0
7.13333333333e-07 -0.013 0.0
7.16666666667e-07 -0.0125 0.0
7.2e-07 -0.012 0.0
7.23333333333e-07 -0.0115 0.0
7.26666666667e-07 -0.011 0.0
7.3e-07 -0.0105 0.0
7.33333333333e-07 -0.01 0.0
7.36666666667e-07 -0.0095 0.0
7.4e-07 -0.009 0.0
7.43333333333e-07 -0.0085 0.0
7.46666666667e-07 -0.008 0.0
7.5e-07 -0.0075 0.0
7.53333333333e-07 -0.007 0.0
7.56666666667e-07 -0.0065 0.0
7.6e-07 -0.006 0.0
7.63333333333e-07 -0.0055 0.0
7.66666666667e-07 -0.005 0.0
7.7e-07 -0.0045 0.0
7.73333333333e-07 -0.004 0.0
7.76666666667e-07 -0.0035 0.0
7.8e-07 -0.003 0.0
7.83333333333e-07 -0.0025 0.0
7.86666666667e-07 -0.002 0.0
7.9e-07 -0.0015 0.0
7.93333333333e-07 -0.001 0.0
7.96666666667e-07 -0.0005 947.7221212
8e-07 1.11173074327e-16 3212770.0126
8.03333333333e-07 0.0005 6451580.06136
8.06666666667e-07 0.001 6387006.35327
8.1e-07 0.0015 6389301.66355
8.13333333333e-07 0.002 6299865.67748
8.16666666667e-07 0.0025 6278757.23454
8.2e-07 0.003 6214362.81094
8.23333333333e-07 0.0035 6157374.97991
8.26666666667e-07 0.004 6123487.28387
8.3e-07 0.0045 6142264.07718
8.33333333333e-07 0.005 6147860.92196
8.36666666667e-07 0.0055 6120683.18599
8.4e-07 0.006 5820770.86446
8.43333333333e-07 0.0065 5867446.3663
8.46666666667e-07 0.007 6036124.33075
8.5e-07 0.0075 5895351.83888
8.53333333333e-07 0.008 5790613.59465
8.56666666667e-07 0.0085 5850027.39785
8.6e-07 0.009 5804526.50388
8.63333333333e-07 0.0095 5598296.65124
8.66666666667e-07 0.01 5796256.29477
8.7e-07 0.0105 5707659.56392
8.73333333333e-07 0.011 5426623.69573
8.76666666667e-07 0.0115 5569607.41237
8.8e-07 0.012 5712935.89225
8.83333333333e-07 0.0125 5528748.72187
8.86666666667e-07 0.013 5242395.62178
8.9e-07 0.0135 5654872.67988
8.93333333333e-07 0.014 5482642.69348
8.96666666667e-07 0.0145 5026707.56467
9e-07 0.015 5339554.10751
9.03333333333e-07 0.0155 5722546.09512
9.06666666667e-07 0.016 4974858.94517
9.1e-07 0.0165 5224911.76681
9.13333333333e-07 0.017 5204570.00267
9.16666666667e-07 0.0175 4948367.87398
9.2e-07 0.018 5407373.09934
9.23333333333e-07 0.0185 5207061.11216
9.26666666667e-07 0.019 4937698.2645
9.3e-07 0.0195 5177292.48703
9.33333333333e-07 0.02 4884978.1711
9.36666666667e-07 0.0205 4689946.7153
9.4e-07 0.021 5172205.18363
9.43333333333e-07 0.0215 4925785.11715
9.46666666667e-07 0.022 4483285.57279
9.5e-07 0.0225 5182931.91144
9.53333333333e-07 0.023 4930875.1565
9.56666666667e-07 0.0235 4497859.80372
9.6e-07 0.024 4744666.58512
9.63333333333e-07 0.0245 4923811.82194
9.66666666667e-07 0.025 4688440.89756
9.7e-07 0.0255 4522672.45692
9.73333333333e-07 0.026 4580694.14183
9.76666666667e-07 0.0265 4648315.71559
9.8e-07 0.027 4573807.09103
9.83333333333e-07 0.0275 4594589.8771
9.86666666667e-07 0.028 4349879.36028
9.9e-07 0.0285 4485646.35863
9.93333333333e-07 0.029 4589006.4756
9.96666666667e-07 0.0295 2087057.77287
1e-06 0.03 11290.0447304
1.00333333333e-06 0.0305 322372.938894
1.00666666667e-06 0.031 -152336.517636
1.01e-06 0.0315 -332487.955416
1.01333333333e-06 0.032 141860.603884
1.01666666667e-06 0.0325 94198.7288174
1.02e-06 0.033 -95089.4449127
1.02333333333e-06 0.0335 276303.052603
1.02666666667e-06 0.034 -312779.373788
1.03e-06 0.0345 28147.5778859
1.03333333333e-06 0.035 215165.836251
1.03666666667e-06 0.0355 -295701.777847
1.04e-06 0.036 103848.944039
1.04333333333e-06 0.0365 397924.691897
1.04666666667e-06 0.037 -445170.850938
1.05e-06 0.0375 -83318.2451251
1.05333333333e-06 0.038 299310.420464
1.05666666667e-06 0.0385 -338844.710514
1.06e-06 0.039 164470.173628
1.06333333333e-06 0.0395 290611.776029
1.06666666667e-06 0.04 -191022.167359
1.07e-06 0.0405 -252469.213983
1.07333333333e-06 0.041 208556.166683
1.07666666667e-06 0.0415 38610.3518714
1.08e-06 0.042 -196621.968466
1.08333333333e-06 0.0425 319250.397944
1.08666666667e-06 0.043 62176.9457664
1.09e-06 0.0435 -282895.763421
1.09333333333e-06 0.044 89315.4761734
1.09666666667e-06 0.0445 -98752.3684458
1.1e-06 0.045 -129350.60775
1.10333333333e-06 0.0455 145652.166589
1.10666666667e-06 0.046 121632.862576
1.11e-06 0.0465 19701.7856431
1.11333333333e-06 0.047 -71699.4601719
1.11666666667e-06 0.0475 -67852.4006335
1.12e-06 0.048 12892.626421
1.12333333333e-06 0.0485 84043.2945174
1.12666666667e-06 0.049 71917.146282
1.13e-06 0.0495 -333759.336305
1.13333333333e-06 0.05 119625.744345
1.13666666667e-06 0.0505 370252.424487
1.14e-06 0.051 -311958.887087
1.14333333333e-06 0.0515 48418.5675935
1.14666666667e-06 0.052 60862.9989847
1.15e-06 0.0525 -215892.791465
1.15333333333e-06 0.053 292803.382938
1.15666666667e-06 0.0535 -41963.3573228
1.16e-06 0.054 -334517.904618
1.16333333333e-06 0.0545 65001.7010118
1.16666666667e-06 0.055 290071.001367
1.17e-06 0.0555 -142742.016896
1.17333333333e-06 0.056 92612.9848528
1.17666666667e-06 0.0565 -155623.444706
1.18e-06 0.057 -19709.1457213
1.18333333333e-06 0.0575 442016.417619
1.18666666667e-06 0.058 -364958.484349
1.19e-06 0.0585 -151634.263851
1.19333333333e-06 0.059 314689.036479
1.19666666667e-06 0.0595 10215.8065095
1.2e-06 0.06 -322446.875094
1.20333333333e-06 0.0605 -1736.93591949
1.20666666667e-06 0.061 161660.568163
1.21e-06 0.0615 132437.460006
1.21333333333e-06 0.062 -60444.3375109
1.21666666667e-06 0.0625 -112190.639856
1.22e-06 0.063 -92618.4944538
1.22333333333e-06 0.0635 278940.943522
1.22666666667e-06 0.064 -69293.0838102
1.23e-06 0.0645 -159183.190678
1.23333333333e-06 0.065 206775.066605
1.23666666667e-06 0.0655 -254435.017515
1.24e-06 0.066 90462.3615633
1.24333333333e-06 0.0665 97041.1020707
1.24666666667e-06 0.067 -69023.9801656
1.25e-06 0.0675 21227.8788897
1.25333333333e-06 0.068 -6659.54830698
1.25666666667e-06 0.0685 -75144.6996459
1.26e-06 0.069 109652.806114
1.26333333333e-06 0.0695 70723.6394129
1.26666666667e-06 0.07 16740.1051322
1.27e-06 0.0705 -212021.07312
1.27333333333e-06 0.071 68590.761448
1.27666666667e-06 0.0715 208012.088812
1.28e-06 0.072 -285302.186832
1.28333333333e-06 0.0725 -4440.87032567
1.28666666667e-06 0.073 124001.967829
1.29e-06 0.0735 -144036.473371
1.29333333333e-06 0.074 -228754.427992
1.29666666667e-06 0.0745 -552951.115549
1.3e-06 0.075 -194097.531552
1.30333333333e-06 0.0755 -286840.080632
1.30666666667e-06 0.076 -951780.553782
1.31e-06 0.0765 -1017540.67976
1.31333333333e-06 0.077 -854279.625751
1.31666666667e-06 0.0775 -1438049.25994
1.32e-06 0.078 -1522757.76068
1.32333333333e-06 0.0785 -1697716.79853
1.32666666667e-06 0.079 -2294431.36176
1.33e-06 0.0795 -2030422.71319
1.33333333333e-06 0.08 -2421057.9298
1.33666666667e-06 0.0805 -2742246.82317
1.34e-06 0.081 -2949893.65125
1.34333333333e-06 0.0815 -3453791.01516
1.34666666667e-06 0.082 -3311606.83558
1.35e-06 0.0825 -3697930.04212
1.35333333333e-06 0.083 -4121933.33594
1.35666666667e-06 0.0835 -4264433.37779
1.36e-06 0.084 -4726992.05607
1.36333333333e-06 0.0845 -4619477.17322
1.36666666667e-06 0.085 -4923021.24538
1.37e-06 0.0855 -5335140.69322
1.37333333333e-06 0.086 -5394282.04981
1.37666666667e-06 0.0865 -5699535.76774
1.38e-06 0.087 -5717652.41008
1.38333333333e-06 0.0875 -5933054.59543
1.38666666667e-06 0.088 -6009680.24448
1.39e-06 0.0885 -6416378.73938
1.39333333333e-06 0.089 -6566190.36809
1.39666666667e-06 0.0895 -6599114.10951
1.4e-06 0.09 -6697440.54137
1.40333333333e-06 0.0905 -6885211.27184
1.40666666667e-06 0.091 -6999617.23897
1.41e-06 0.0915 -7040116.36298
1.41333333333e-06 0.092 -6932023.93774
1.41666666667e-06 0.0925 -7034135.78091
1.42e-06 0.093 -7166016.23292
1.42333333333e-06 0.0935 -7234592.89398
1.42666666667e-06 0.094 -7039873.71866
1.43e-06 0.0945 -6958441.0371
1.43333333333e-06 0.095 -6949479.80221
1.43666666667e-06 0.0955 -6934295.98095
1.44e-06 0.096 -6711206.72958
1.44333333333e-06 0.0965 -6689978.92637
1.44666666667e-06 0.097 -6423638.60418
1.45e-06 0.0975 -6193811.05359
1.45333333333e-06 0.098 -6050696.26811
1.45666666667e-06 0.0985 -5802390.79813
1.46e-06 0.099 -5704633.3178
1.46333333333e-06 0.0995 -5442132.4925
1.46666666667e-06 0.1 -5188685.27613
1.47e-06 0.1005 -5089989.4493
1.47333333333e-06 0.101 -4731069.60156
1.47666666667e-06 0.1015 -4549397.6741
1.48e-06 0.102 -4307276.46977
1.48333333333e-06 0.1025 -4051004.49555
1.48666666667e-06 0.103 -3832766.63192
1.49e-06 0.1035 -3680233.84488
1.49333333333e-06 0.104 -3368115.9478
1.49666666667e-06 0.1045 -3185711.22286
1.5e-06 0.105 -2999610.43872
1.50333333333e-06 0.1055 -2799909.7492
1.50666666667e-06 0.106 -2569231.66968
1.51e-06 0.1065 -2411169.7396
1.51333333333e-06 0.107 -2218396.95972
1.51666666667e-06 0.1075 -2059531.76525
1.52e-06 0.108 -1901463.03032
1.52333333333e-06 0.1085 -1750922.3524
1.52666666667e-06 0.109 -1567217.72266
1.53e-06 0.1095 -1466472.04361
1.53333333333e-06 0.11 -1342162.62473
1.53666666667e-06 0.1105 -1214914.06471
1.54e-06 0.111 -1103710.70412
1.54333333333e-06 0.1115 -997206.139295
1.54666666667e-06 0.112 -905960.007495
1.55e-06 0.1125 -818152.16186
1.55333333333e-06 0.113 -734649.588771
1.55666666667e-06 0.1135 -663364.428002
1.56e-06 0.114 -587348.889705
1.56333333333e-06 0.1145 -529347.916513
1.56666666667e-06 0.115 -472494.926271
1.57e-06 0.1155 -425470.864104
1.57333333333e-06 0.116 -373747.646582
1.57666666667e-06 0.1165 -330870.871257
1.58e-06 0.117 -295962.683309
1.58333333333e-06 0.1175 -260586.785796
1.58666666667e-06 0.118 -226602.594796
1.59e-06 0.1185 -200680.293336
1.59333333333e-06 0.119 -177027.668015
1.59666666667e-06 0.1195 -154375.474023
1.6e-06 0.12 -133384.046167
1.60333333333e-06 0.1205 -117263.670408
1.60666666667e-06 0.121 -101702.299104
1.61e-06 0.1215 -88332.4206326
1.61333333333e-06 0.122 -76432.7427461
1.61666666667e-06 0.1225 -65772.2697749
1.62e-06 0.123 -56971.8412546
1.62333333333e-06 0.1235 -49156.352087
1.62666666667e-06 0.124 -42081.2088868
1.63e-06 0.1245 -36031.6893462
1.63333333333e-06 0.125 -30414.7770732
1.63666666667e-06 0.1255 -26442.1904775
1.64e-06 0.126 -22558.1979548
1.64333333333e-06 0.1265 -18717.9156301
1.64666666667e-06 0.127 -15890.1255941
1.65e-06 0.1275 -13612.5714446
1.65333333333e-06 0.128 -11438.0422494
1.65666666667e-06 0.1285 -9667.91759035
1.66e-06 0.129 -8016.00896289
1.66333333333e-06 0.1295 -6634.56198817
1.66666666667e-06 0.13 -5267.65420636
1.67e-06 0.1305 -4119.39818785
1.67333333333e-06 0.131 -3326.13697174
1.67666666667e-06 0.1315 -2695.46033505
1.68e-06 0.132 -2144.1349686
1.68333333333e-06 0.1325 -1739.69412562
1.68666666667e-06 0.133 -1419.40194056
1.69e-06 0.1335 -1141.02866094
1.69333333333e-06 0.134 -906.472047837
1.69666666667e-06 0.1345 -733.320706588
1.7e-06 0.135 -591.52972303
1.70333333333e-06 0.1355 -474.163317236
1.70666666667e-06 0.136 -382.018736982
1.71e-06 0.1365 -306.155613136
1.71333333333e-06 0.137 -241.672457334
1.71666666667e-06 0.1375 -193.958862787
1.72e-06 0.138 -154.250603681
1.72333333333e-06 0.1385 -124.053221075
1.72666666667e-06 0.139 -97.60901229
1.73e-06 0.1395 -76.9812853437
1.73333333333e-06 0.14 -61.0281967062
1.73666666667e-06 0.1405 -48.510704936
1.74e-06 0.141 -38.2914899908
1.74333333333e-06 0.1415 -30.0682763113
1.74666666667e-06 0.142 -23.5749279594
1.75e-06 0.1425 -18.5102662694
1.75333333333e-06 0.143 -14.3632568012
1.75666666667e-06 0.1435 -11.4057983527
1.76e-06 0.144 -8.83171410377
1.76333333333e-06 0.1445 -6.8816103386
1.76666666667e-06 0.145 -5.36563558772
1.77e-06 0.1455 -4.15160029891
1.77333333333e-06 0.146 -3.20801394013
1.77666666667e-06 0.1465 -2.46581577879
1.78e-06 0.147 -1.91690072422
1.78333333333e-06 0.1475 -1.48534447576
1.78666666667e-06 0.148 -1.1347072611
1.79e-06 0.1485 -0.874431139635
1.79333333333e-06 0.149 -0.66487437565
1.79666666667e-06 0.1495 -0.512223401541
1.8e-06 0.15 -0.387638545532
1.80333333333e-06 0.1505 -0.29766406404
1.80666666667e-06 0.151 -0.223530913494
1.81e-06 0.1515 -0.172779121101
1.81333333333e-06 0.152 -0.128553167803
1.81666666667e-06 0.1525 -0.0982183551119
1.82e-06 0.153 -0.0741637732178
1.82333333333e-06 0.1535 -0.0560359377742
1.82666666667e-06 0.154 -0.0417396121677
1.83e-06 0.1545 -0.0315073046223
1.83333333333e-06 0.155 -0.0235355263945
1.83666666667e-06 0.1555 -0.0177388740998
1.84e-06 0.156 -0.0130820162373
1.84333333333e-06 0.1565 -0.00977896062072
1.84666666667e-06 0.157 -0.00729246884862
1.85e-06 0.1575 -0.00542770045879
1.85333333333e-06 0.158 -0.00402498644053
1.85666666667e-06 0.1585 -0.00294805605472
1.86e-06 0.159 -0.00218763033219
1.86333333333e-06 0.1595 -0.00160771232324
1.86666666667e-06 0.16 -0.00117758446478
1.87e-06 0.1605 -0.000875888953277
1.87333333333e-06 0.161 -0.00063480954998
1.87666666667e-06 0.1615 -0.000464241160835
1.88e-06 0.162 -0.00034134117392
1.88333333333e-06 0.1625 -0.000246419823793
1.88666666667e-06 0.163 -0.00017938747614
1.89e-06 0.1635 -0.000130567458786
1.89333333333e-06 0.164 -9.46406580586e-05
1.89666666667e-06 0.1645 -6.81380205179e-05
1.9e-06 0.165 -4.9196272336e-05
1.90333333333e-06 0.1655 -3.55657133706e-05
1.90666666667e-06 0.166 -2.54624947687e-05
1.91e-06 0.1665 -1.82304544325e-05
1.91333333333e-06 0.167 -1.30350614028e-05
1.91666666667e-06 0.1675 -9.36670027486e-06
1.92e-06 0.168 -6.68895834083e-06
1.92333333333e-06 0.1685 -4.7512235877e-06
1.92666666667e-06 0.169 -3.33596903979e-06
1.93e-06 0.1695 -2.39331497735e-06
1.93333333333e-06 0.17 -1.70526271248e-06
1.93666666667e-06 0.1705 -1.18366649991e-06
1.94e-06 0.171 -8.37948132207e-07
1.94333333333e-06 0.1715 -5.88239666887e-07
1.94666666667e-06 0.172 -4.18234712213e-07
1.95e-06 0.1725 -2.90599986212e-07
1.95333333333e-06 0.173 -2.0253152503e-07
1.95666666667e-06 0.1735 -1.41103603204e-07
1.96e-06 0.174 -9.88106567016e-08
1.96333333333e-06 0.1745 -6.83264270163e-08
1.96666666667e-06 0.175 -4.74382587941e-08
1.97e-06 0.1755 -3.28279777352e-08
1.97333333333e-06 0.176 -2.27572261529e-08
1.97666666667e-06 0.1765 -1.57141161817e-08
1.98e-06 0.177 -1.07140770954e-08
1.98333333333e-06 0.1775 -7.39213158021e-09
1.98666666667e-06 0.178 -4.95603543304e-09
1.99e-06 0.1785 -3.48145682478e-09
1.99333333333e-06 0.179 -2.34516406123e-09
1.99666666667e-06 0.1795 -1.60432387931e-09
2e-06 0.18 -1.07303208838e-09
2.00333333333e-06 0.1805 -7.35108453681e-10
2.00666666667e-06 0.181 -4.95489459567e-10
2.01e-06 0.1815 -3.33194884322e-10
2.01333333333e-06 0.182 -2.25129542034e-10
2.01666666667e-06 0.1825 -1.49395741569e-10
2.02e-06 0.183 -1.00857785996e-10
2.02333333333e-06 0.1835 -6.60623414675e-11
2.02666666667e-06 0.184 -4.53452688242e-11
2.03e-06 0.1845 -2.93391870615e-11
2.03333333333e-06 0.185 -1.93355871985e-11
2.03666666667e-06 0.1855 -1.30244458758e-11
2.04e-06 0.186 -8.40257638429e-12
2.04333333333e-06 0.1865 -5.64551684235e-12
2.04666666667e-06 0.187 -3.60057557798e-12
2.05e-06 0.1875 -2.41150325043e-12
2.05333333333e-06 0.188 -1.5144077927e-12
2.05666666667e-06 0.1885 -1.00463829271e-12
2.06e-06 0.189 -6.46237858499e-13
2.06333333333e-06 0.1895 -4.10110642046e-13
2.06666666667e-06 0.19 -2.71171549313e-13
2.07e-06 0.1905 -1.65222785944e-13
2.07333333333e-06 0.191 -1.0886217636e-13
2.07666666667e-06 0.1915 -6.71510927566e-14
2.08e-06 0.192 -4.19496536749e-14
2.08333333333e-06 0.1925 -2.74368585108e-14
2.08666666667e-06 0.193 -1.58993185719e-14
2.09e-06 0.1935 -1.07361799667e-14
2.09333333333e-06 0.194 -5.88446253294e-15
2.09666666667e-06 0.1945 -3.86042637483e-15
2.1e-06 0.195 -2.24497397348e-15
2.10333333333e-06 0.1955 -1.30846334739e-15
2.10666666667e-06 0.196 -8.49789300198e-16
2.11e-06 0.1965 -4.02517518788e-16
2.11333333333e-06 0.197 -2.61173933878e-16
2.11666666667e-06 0.1975 -1.3049464164e-16
2.12e-06 0.198 -7.14433067958e-17
2.12333333333e-06 0.1985 -3.58169727031e-17
2.12666666667e-06 0.199 -1.13787304518e-17
2.13e-06 0.1995 -4.40121240845e-18
2.13333333333e-06 0.2 -7.06934583021e-19
2.13666666667e-06 0.2005 0.0
2.14e-06 0.201 0.0
2.14333333333e-06 0.2015 0.0
2.14666666667e-06 0.202 0.0
2.15e-06 0.2025 0.0
2.15333333333e-06 0.203 0.0
2.15666666667e-06 0.2035 0.0
2.16e-06 0.204 0.0
2.16333333333e-06 0.2045 0.0
2.16666666667e-06 0.205 0.0
2.17e-06 0.2055 0.0
2.17333333333e-06 0.206 0.0
2.17666666667e-06 0.2065 0.0
2.18e-06 0.207 0.0
2.18333333333e-06 0.2075 0.0
2.18666666667e-06 0.208 0.0
2.19e-06 0.2085 0.0
2.19333333333e-06 0.209 0.0
2.19666666667e-06 0.2095 0.0
2.2e-06 0.21 0.0
2.20333333333e-06 0.2105 0.0
2.20666666667e-06 0.211 0.0
2.21e-06 0.2115 0.0
2.21333333333e-06 0.212 0.0
2.21666666667e-06 0.2125 0.0
2.22e-06 0.213 0.0
2.22333333333e-06 0.2135 0.0
2.22666666667e-06 0.214 0.0
2.23e-06 0.2145 0.0
2.23333333333e-06 0.215 0.0
2.23666666667e-06 0.2155 0.0
2.24e-06 0.216 0.0
2.24333333333e-06 0.2165 0.0
2.24666666667e-06 0.217 0.0
2.25e-06 0.2175 0.0
2.25333333333e-06 0.218 0.0
2.25666666667e-06 0.2185 0.0
2.26e-06 0.219 0.0
2.26333333333e-06 0.2195 0.0
2.26666666667e-06 0.22 0.0
2.27e-06 0.2205 0.0
2.27333333333e-06 0.221 0.0
2.27666666667e-06 0.2215 0.0
2.28e-06 0.222 0.0
2.28333333333e-06 0.2225 0.0
2.28666666667e-06 0.223 0.0
2.29e-06 0.2235 0.0
2.29333333333e-06 0.224 0.0
2.29666666667e-06 0.2245 0.0
2.3e-06 0.225 0.0
2.30333333333e-06 0.2255 0.0
2.30666666667e-06 0.226 0.0
2.31e-06 0.2265 0.0
2.31333333333e-06 0.227 0.0
2.31666666667e-06 0.2275 0.0
2.32e-06 0.228 0.0
2.32333333333e-06 0.2285 0.0
2.32666666667e-06 0.229 0.0
2.33e-06 0.2295 0.0
2.33333333333e-06 0.23 0.0
2.33666666667e-06 0.2305 0.0
2.34e-06 0.231 0.0
2.34333333333e-06 0.2315 0.0
2.34666666667e-06 0.232 0.0
2.35e-06 0.2325 0.0
2.35333333333e-06 0.233 0.0
2.35666666667e-06 0.2335 0.0
2.36e-06 0.234 0.0
2.36333333333e-06 0.2345 0.0
2.36666666667e-06 0.235 0.0
2.37e-06 0.2355 0.0
2.37333333333e-06 0.236 0.0
2.37666666667e-06 0.2365 0.0
2.38e-06 0.237 0.0
2.38333333333e-06 0.2375 0.0
2.38666666667e-06 0.238 0.0
2.39e-06 0.2385 0.0
2.39333333333e-06 0.239 0.0
2.39666666667e-06 0.2395 0.0
2.4e-06 0.24 0.0
2.40333333333e-06 0.2405 0.0
2.40666666667e-06 0.241 0.0
2.41e-06 0.2415 0.0
2.41333333333e-06 0.242 0.0
2.41666666667e-06 0.2425 0.0
2.42e-06 0.243 0.0
2.42333333333e-06 0.2435 0.0
2.42666666667e-06 0.244 0.0
2.43e-06 0.2445 0.0
2.43333333333e-06 0.245 0.0
2.43666666667e-06 0.2455 0.0
2.44e-06 0.246 0.0
2.44333333333e-06 0.2465 0.0
2.44666666667e-06 0.247 0.0
2.45e-06 0.2475 0.0
2.45333333333e-06 0.248 0.0
2.45666666667e-06 0.2485 0.0
2.46e-06 0.249 0.0
2.46333333333e-06 0.2495 0.0
2.46666666667e-06 0.25 0.0
2.47e-06 0.2505 0.0
2.47333333333e-06 0.251 0.0
2.47666666667e-06 0.2515 0.0
2.48e-06 0.252 0.0
2.48333333333e-06 0.2525 0.0
2.48666666667e-06 0.253 0.0
2.49e-06 0.2535 0.0
2.49333333333e-06 0.254 0.0
2.49666666667e-06 0.2545 0.0
2.5e-06 0.255 0.0
2.50333333333e-06 0.2555 0.0
2.50666666667e-06 0.256 0.0
2.51e-06 0.2565 0.0
2.51333333333e-06 0.257 0.0
2.51666666667e-06 0.2575 0.0
2.52e-06 0.258 0.0
2.52333333333e-06 0.2585 0.0
2.52666666667e-06 0.259 0.0
2.53e-06 0.2595 0.0
2.53333333333e-06 0.26 0.0
2.53666666667e-06 0.2605 0.0
2.54e-06 0.261 0.0
2.54333333333e-06 0.2615 0.0
2.54666666667e-06 0.262 0.0
2.55e-06 0.2625 0.0
2.55333333333e-06 0.263 0.0
2.55666666667e-06 0.2635 0.0
2.56e-06 0.264 0.0
2.56333333333e-06 0.2645 0.0
2.56666666667e-06 0.265 0.0
2.57e-06 0.2655 0.0
2.57333333333e-06 0.266 0.0
2.57666666667e-06 0.2665 0.0
2.58e-06 0.267 0.0
2.58333333333e-06 0.2675 0.0
2.58666666667e-06 0.268 0.0
2.59e-06 0.2685 0.0
2.59333333333e-06 0.269 0.0
2.59666666667e-06 0.2695 0.0
2.6e-06 0.27 0.0
2.60333333333e-06 0.2705 0.0
2.60666666667e-06 0.271 0.0
2.61e-06 0.2715 0.0
2.61333333333e-06 0.272 0.0
2.61666666667e-06 0.2725 0.0
2.62e-06 0.273 0.0
2.62333333333e-06 0.2735 0.0
2.62666666667e-06 0.274 0.0
2.63e-06 0.2745 0.0
2.63333333333e-06 0.275 0.0
2.63666666667e-06 0.2755 0.0
2.64e-06 0.276 0.0
2.64333333333e-06 0.2765 0.0
2.64666666667e-06 0.277 0.0
2.65e-06 0.2775 0.0
2.65333333333e-06 0.278 0.0
2.65666666667e-06 0.2785 0.0
2.66e-06 0.279 0.0
2.66333333333e-06 0.2795 0.0
2.66666666667e-06 0.28 0.0
2.67e-06 0.2805 0.0
2.67333333333e-06 0.281 0.0
2.67666666667e-06 0.2815 0.0
2.68e-06 0.282 0.0
2.68333333333e-06 0.2825 0.0
2.68666666667e-06 0.283 0.0
2.69e-06 0.2835 0.0
2.69333333333e-06 0.284 0.0
2.69666666667e-06 0.2845 0.0
2.7e-06 0.285 0.0
2.70333333333e-06 0.2855 0.0
2.70666666667e-06 0.286 0.0
2.71e-06 0.2865 0.0
2.71333333333e-06 0.287 0.0
2.71666666667e-06 0.2875 0.0
2.72e-06 0.288 0.0
2.72333333333e-06 0.2885 0.0
2.72666666667e-06 0.289 0.0
2.73e-06 0.2895 0.0
2.73333333333e-06 0.29 0.0
2.73666666667e-06 0.2905 0.0
2.74e-06 0.291 0.0
2.74333333333e-06 0.2915 0.0
2.74666666667e-06 0.292 0.0
2.75e-06 0.2925 0.0
2.75333333333e-06 0.293 0.0
2.75666666667e-06 0.2935 0.0
2.76e-06 0.294 0.0
2.76333333333e-06 0.2945 0.0
2.76666666667e-06 0.295 0.0
2.77e-06 0.2955 0.0
2.77333333333e-06 0.296 0.0
2.77666666667e-06 0.2965 0.0
2.78e-06 0.297 0.0
2.78333333333e-06 0.2975 0.0
2.78666666667e-06 0.298 0.0
2.79e-06 0.2985 0.0
2.79333333333e-06 0.299 0.0
2.79666666667e-06 0.2995 0.0
2.8e-06 0.3 0.0
2.80333333333e-06 0.3005 0.0
2.80666666667e-06 0.301 0.0
2.81e-06 0.3015 0.0
2.81333333333e-06 0.302 0.0
2.81666666667e-06 0.3025 0.0
2.82e-06 0.303 0.0
2.82333333333e-06 0.3035 0.0
2.82666666667e-06 0.304 0.0
2.83e-06 0.3045 0.0
2.83333333333e-06 0.305 0.0
2.83666666667e-06 0.3055 0.0
2.84e-06 0.306 0.0
2.84333333333e-06 0.3065 0.0
2.84666666667e-06 0.307 0.0
2.85e-06 0.3075 0.0
2.85333333333e-06 0.308 0.0
2.85666666667e-06 0.3085 0.0
2.86e-06 0.309 0.0
2.86333333333e-06 0.3095 0.0
2.86666666667e-06 0.31 0.0
2.87e-06 0.3105 0.0
2.87333333333e-06 0.311 0.0
2.87666666667e-06 0.3115 0.0
2.88e-06 0.312 0.0
2.88333333333e-06 0.3125 0.0
2.88666666667e-06 0.313 0.0
2.89e-06 0.3135 0.0
2.89333333333e-06 0.314 0.0
2.89666666667e-06 0.3145 0.0
2.9e-06 0.315 0.0
2.90333333333e-06 0.3155 0.0
2.90666666667e-06 0.316 0.0
2.91e-06 0.3165 0.0
2.91333333333e-06 0.317 0.0
2.91666666667e-06 0.3175 0.0
2.92e-06 0.318 0.0
2.92333333333e-06 0.3185 0.0
2.92666666667e-06 0.319 0.0
2.93e-06 0.3195 0.0
2.93333333333e-06 0.32 0.0
2.93666666667e-06 0.3205 0.0
2.94e-06 0.321 0.0
2.94333333333e-06 0.3215 0.0
2.94666666667e-06 0.322 0.0
2.95e-06 0.3225 0.0
2.95333333333e-06 0.323 0.0
2.95666666667e-06 0.3235 0.0
2.96e-06 0.324 0.0
2.96333333333e-06 0.3245 0.0
2.96666666667e-06 0.325 0.0
2.97e-06 0.3255 0.0
2.97333333333e-06 0.326 0.0
2.97666666667e-06 0.3265 0.0
2.98e-06 0.327 0.0
2.98333333333e-06 0.3275 0.0
2.98666666667e-06 0.328 0.0
2.99e-06 0.3285 0.0
2.99333333333e-06 0.329 0.0
2.99666666667e-06 0.3295 0.0
3e-06 0.33 0.0
3.00333333333e-06 0.3305 0.0
3.00666666667e-06 0.331 0.0
3.01e-06 0.3315 0.0
3.01333333333e-06 0.332 0.0
3.01666666667e-06 0.3325 0.0
3.02e-06 0.333 0.0
3.02333333333e-06 0.3335 0.0
3.02666666667e-06 0.334 0.0
3.03e-06 0.3345 0.0
3.03333333333e-06 0.335 0.0
3.03666666667e-06 0.3355 0.0
3.04e-06 0.336 0.0
3.04333333333e-06 0.3365 0.0
3.04666666667e-06 0.337 0.0
3.05e-06 0.3375 0.0
3.05333333333e-06 0.338 0.0
3.05666666667e-06 0.3385 0.0
3.06e-06 0.339 0.0
3.06333333333e-06 0.3395 0.0
3.06666666667e-06 0.34 0.0
3.07e-06 0.3405 0.0
3.07333333333e-06 0.341 0.0
3.07666666667e-06 0.3415 0.0
3.08e-06 0.342 0.0
3.08333333333e-06 0.3425 0.0
3.08666666667e-06 0.343 0.0
3.09e-06 0.3435 0.0
3.09333333333e-06 0.344 0.0
3.09666666667e-06 0.3445 0.0
3.1e-06 0.345 0.0
3.10333333333e-06 0.3455 0.0
3.10666666667e-06 0.346 0.0
3.11e-06 0.3465 0.0
3.11333333333e-06 0.347 0.0
3.11666666667e-06 0.3475 0.0
3.12e-06 0.348 0.0
3.12333333333e-06 0.3485 0.0
3.12666666667e-06 0.349 0.0
3.13e-06 0.3495 0.0
3.13333333333e-06 0.35 0.0
3.13666666667e-06 0.3505 0.0
3.14e-06 0.351 0.0
3.14333333333e-06 0.3515 0.0
3.14666666667e-06 0.352 0.0
3.15e-06 0.3525 0.0
3.15333333333e-06 0.353 0.0
3.15666666667e-06 0.3535 0.0
3.16e-06 0.354 0.0
3.16333333333e-06 0.3545 0.0
3.16666666667e-06 0.355 0.0
3.17e-06 0.3555 0.0
3.17333333333e-06 0.356 0.0
3.17666666667e-06 0.3565 0.0
3.18e-06 0.357 0.0
3.18333333333e-06 0.3575 0.0
3.18666666667e-06 0.358 0.0
3.19e-06 0.3585 0.0
3.19333333333e-06 0.359 0.0
3.19666666667e-06 0.3595 0.0
3.2e-06 0.36 0.0
3.20333333333e-06 0.3605 0.0
3.20666666667e-06 0.361 0.0
3.21e-06 0.3615 0.0
3.21333333333e-06 0.362 0.0
3.21666666667e-06 0.3625 0.0
3.22e-06 0.363 0.0
3.22333333333e-06 0.3635 0.0
3.22666666667e-06 0.364 0.0
3.23e-06 0.3645 0.0
3.23333333333e-06 0.365 0.0
3.23666666667e-06 0.3655 0.0
3.24e-06 0.366 0.0
3.24333333333e-06 0.3665 0.0
3.24666666667e-06 0.367 0.0
3.25e-06 0.3675 0.0
3.25333333333e-06 0.368 0.0
3.25666666667e-06 0.3685 0.0
3.26e-06 0.369 0.0
3.26333333333e-06 0.3695 0.0
3.26666666667e-06 0.37 0.0
3.27e-06 0.3705 0.0
3.27333333333e-06 0.371 0.0
3.27666666667e-06 0.3715 0.0
3.28e-06 0.372 0.0
3.28333333333e-06 0.3725 0.0
3.28666666667e-06 0.373 0.0
3.29e-06 0.3735 0.0
3.29333333333e-06 0.374 0.0
3.29666666667e-06 0.3745 0.0
3.3e-06 0.375 0.0
3.30333333333e-06 0.3755 0.0
3.30666666667e-06 0.376 0.0
3.31e-06 0.3765 0.0
3.31333333333e-06 0.377 0.0
3.31666666667e-06 0.3775 0.0
3.32e-06 0.378 0.0
3.32333333333e-06 0.3785 0.0
3.32666666667e-06 0.379 0.0
3.33e-06 0.3795 0.0
3.33333333333e-06 0.38 0.0
3.33666666667e-06 0.3805 0.0
3.34e-06 0.381 0.0
3.34333333333e-06 0.3815 0.0
3.34666666667e-06 0.382 0.0
3.35e-06 0.3825 0.0
3.35333333333e-06 0.383 0.0
3.35666666667e-06 0.3835 0.0
3.36e-06 0.384 0.0
3.36333333333e-06 0.3845 0.0
3.36666666667e-06 0.385 0.0
3.37e-06 0.3855 0.0
3.37333333333e-06 0.386 0.0
3.37666666667e-06 0.3865 0.0
3.38e-06 0.387 0.0
3.38333333333e-06 0.3875 0.0
3.38666666667e-06 0.388 0.0
3.39e-06 0.3885 0.0
3.39333333333e-06 0.389 0.0
3.39666666667e-06 0.3895 0.0
3.4e-06 0.39 0.0
3.40333333333e-06 0.3905 0.0
3.40666666667e-06 0.391 0.0
3.41e-06 0.3915 0.0
3.41333333333e-06 0.392 0.0
3.41666666667e-06 0.3925 0.0
3.42e-06 0.393 0.0
3.42333333333e-06 0.3935 0.0
3.42666666667e-06 0.394 0.0
3.43e-06 0.3945 0.0
3.43333333333e-06 0.395 0.0
3.43666666667e-06 0.3955 0.0
3.44e-06 0.396 0.0
3.44333333333e-06 0.3965 0.0
3.44666666667e-06 0.397 0.0
3.45e-06 0.3975 0.0
3.45333333333e-06 0.398 0.0
3.45666666667e-06 0.3985 0.0
3.46e-06 0.399 0.0
3.46333333333e-06 0.3995 0.0
3.46666666667e-06 0.4 0.0
3.47e-06 0.4005 0.0
3.47333333333e-06 0.401 0.0
3.47666666667e-06 0.4015 0.0
3.48e-06 0.402 0.0
3.48333333333e-06 0.4025 0.0
3.48666666667e-06 0.403 0.0
3.49e-06 0.4035 0.0
3.49333333333e-06 0.404 0.0
3.49666666667e-06 0.4045 0.0
3.5e-06 0.405 0.0
3.50333333333e-06 0.4055 0.0
3.50666666667e-06 0.406 0.0
3.51e-06 0.4065 0.0
3.51333333333e-06 0.407 0.0
3.51666666667e-06 0.4075 0.0
3.52e-06 0.408 0.0
3.52333333333e-06 0.4085 0.0
3.52666666667e-06 0.409 0.0
3.53e-06 0.4095 0.0
3.53333333333e-06 0.41 0.0
3.53666666667e-06 0.4105 0.0
3.54e-06 0.411 0.0
3.54333333333e-06 0.4115 0.0
3.54666666667e-06 0.412 0.0
3.55e-06 0.4125 0.0
3.55333333333e-06 0.413 0.0
3.55666666667e-06 0.4135 0.0
3.56e-06 0.414 0.0
3.56333333333e-06 0.4145 0.0
3.56666666667e-06 0.415 0.0
3.57e-06 0.4155 0.0
3.57333333333e-06 0.416 0.0
3.57666666667e-06 0.4165 0.0
3.58e-06 0.417 0.0
3.58333333333e-06 0.4175 0.0
3.58666666667e-06 0.418 0.0
3.59e-06 0.4185 0.0
3.59333333333e-06 0.419 0.0
3.59666666667e-06 0.4195 0.0
3.6e-06 0.42 0.0
3.60333333333e-06 0.4205 0.0
3.60666666667e-06 0.421 0.0
3.61e-06 0.4215 0.0
3.61333333333e-06 0.422 0.0
3.61666666667e-06 0.4225 0.0
3.62e-06 0.423 0.0
3.62333333333e-06 0.4235 0.0
3.62666666667e-06 0.424 0.0
3.63e-06 0.4245 0.0
3.63333333333e-06 0.425 0.0
3.63666666667e-06 0.4255 0.0
3.64e-06 0.426 0.0
3.64333333333e-06 0.4265 0.0
3.64666666667e-06 0.427 0.0
3.65e-06 0.4275 0.0
3.65333333333e-06 0.428 0.0
3.65666666667e-06 0.4285 0.0
3.66e-06 0.429 0.0
3.66333333333e-06 0.4295 0.0
3.66666666667e-06 0.43 0.0
3.67e-06 0.4305 0.0
3.67333333333e-06 0.431 0.0
3.67666666667e-06 0.4315 0.0
3.68e-06 0.432 0.0
3.68333333333e-06 0.4325 0.0
3.68666666667e-06 0.433 0.0
3.69e-06 0.4335 0.0
3.69333333333e-06 0.434 0.0
3.69666666667e-06 0.4345 0.0
3.7e-06 0.435 0.0
3.70333333333e-06 0.4355 0.0
3.70666666667e-06 0.436 0.0
3.71e-06 0.4365 0.0
3.71333333333e-06 0.437 0.0
3.71666666667e-06 0.4375 0.0
3.72e-06 0.438 0.0
3.72333333333e-06 0.4385 0.0
3.72666666667e-06 0.439 0.0
3.73e-06 0.4395 0.0
3.73333333333e-06 0.44 0.0
3.73666666667e-06 0.4405 0.0
3.74e-06 0.441 0.0
3.74333333333e-06 0.4415 0.0
3.74666666667e-06 0.442 0.0
3.75e-06 0.4425 0.0
3.75333333333e-06 0.443 0.0
3.75666666667e-06 0.4435 0.0
3.76e-06 0.444 0.0
3.76333333333e-06 0.4445 0.0
3.76666666667e-06 0.445 0.0
3.77e-06 0.4455 0.0
3.77333333333e-06 0.446 0.0
3.77666666667e-06 0.4465 0.0
3.78e-06 0.447 0.0
3.78333333333e-06 0.4475 0.0
3.78666666667e-06 0.448 0.0
3.79e-06 0.4485 0.0
3.79333333333e-06 0.449 0.0
3.79666666667e-06 0.4495 0.0
3.8e-06 0.45 0.0
3.80333333333e-06 0.4505 0.0
3.80666666667e-06 0.451 0.0
3.81e-06 0.4515 0.0
3.81333333333e-06 0.452 0.0
3.81666666667e-06 0.4525 0.0
3.82e-06 0.453 0.0
3.82333333333e-06 0.4535 0.0
3.82666666667e-06 0.454 0.0
3.83e-06 0.4545 0.0
3.83333333333e-06 0.455 0.0
3.83666666667e-06 0.4555 0.0
3.84e-06 0.456 0.0
3.84333333333e-06 0.4565 0.0
3.84666666667e-06 0.457 0.0
3.85e-06 0.4575 0.0
3.85333333333e-06 0.458 0.0
3.85666666667e-06 0.4585 0.0
3.86e-06 0.459 0.0
3.86333333333e-06 0.4595 0.0
3.86666666667e-06 0.46 0.0
3.87e-06 0.4605 0.0
3.87333333333e-06 0.461 0.0
3.87666666667e-06 0.4615 0.0
3.88e-06 0.462 0.0
3.88333333333e-06 0.4625 0.0
3.88666666667e-06 0.463 0.0
3.89e-06 0.4635 0.0
3.89333333333e-06 0.464 0.0
3.89666666667e-06 0.4645 0.0
3.9e-06 0.465 0.0
3.90333333333e-06 0.4655 0.0
3.90666666667e-06 0.466 0.0
3.91e-06 0.4665 0.0
3.91333333333e-06 0.467 0.0
3.91666666667e-06 0.4675 0.0
3.92e-06 0.468 0.0
3.92333333333e-06 0.4685 0.0
3.92666666667e-06 0.469 0.0
3.93e-06 0.4695 0.0
3.93333333333e-06 0.47 0.0
3.93666666667e-06 0.4705 0.0
3.94e-06 0.471 0.0
3.94333333333e-06 0.4715 0.0
3.94666666667e-06 0.472 0.0
3.95e-06 0.4725 0.0
3.95333333333e-06 0.473 0.0
3.95666666667e-06 0.4735 0.0
3.96e-06 0.474 0.0
3.96333333333e-06 0.4745 0.0
3.96666666667e-06 0.475 0.0
3.97e-06 0.4755 0.0
3.97333333333e-06 0.476 0.0
3.97666666667e-06 0.4765 0.0
3.98e-06 0.477 0.0
3.98333333333e-06 0.4775 0.0
3.98666666667e-06 0.478 0.0
3.99e-06 0.4785 0.0
3.99333333333e-06 0.479 0.0
3.99666666667e-06 0.4795 0.0
4e-06 0.48 0.0
4.00333333333e-06 0.4805 0.0
4.00666666667e-06 0.481 0.0
4.01e-06 0.4815 0.0
4.01333333333e-06 0.482 0.0
4.01666666667e-06 0.4825 0.0
4.02e-06 0.483 0.0
4.02333333333e-06 0.4835 0.0
4.02666666667e-06 0.484 0.0
4.03e-06 0.4845 0.0
4.03333333333e-06 0.485 0.0
4.03666666667e-06 0.4855 0.0
4.04e-06 0.486 0.0
4.04333333333e-06 0.4865 0.0
4.04666666667e-06 0.487 0.0
4.05e-06 0.4875 0.0
4.05333333333e-06 0.488 0.0
4.05666666667e-06 0.4885 0.0
4.06e-06 0.489 0.0
4.06333333333e-06 0.4895 0.0
4.06666666667e-06 0.49 0.0
4.07e-06 0.4905 0.0
4.07333333333e-06 0.491 0.0
4.07666666667e-06 0.4915 0.0
4.08e-06 0.492 0.0
4.08333333333e-06 0.4925 0.0
4.08666666667e-06 0.493 0.0
4.09e-06 0.4935 0.0
4.09333333333e-06 0.494 0.0
4.09666666667e-06 0.4945 0.0
4.1e-06 0.495 0.0
4.10333333333e-06 0.4955 0.0
4.10666666667e-06 0.496 0.0
4.11e-06 0.4965 0.0
4.11333333333e-06 0.497 0.0
4.11666666667e-06 0.4975 0.0
4.12e-06 0.498 0.0
4.12333333333e-06 0.4985 0.0
