# phi, xD, zD =  90.0 0.5 -0.3001
# D =  1.48185185185
# (t in s) (c0 tau in cm) (p(tau) in au)
90.0 0.0 -0.3001 0.0 0.0
90.0 0.00380228136882 -0.296297718631 0.0 0.0
90.0 0.00760456273764 -0.292495437262 0.0 0.0
90.0 0.0114068441065 -0.288693155894 0.0 0.0
90.0 0.0152091254753 -0.284890874525 0.0 0.0
90.0 0.0190114068441 -0.281088593156 0.0 0.0
90.0 0.0228136882129 -0.277286311787 0.0 0.0
90.0 0.0266159695817 -0.273484030418 0.0 0.0
90.0 0.0304182509506 -0.269681749049 0.0 0.0
90.0 0.0342205323194 -0.265879467681 0.0 0.0
90.0 0.0380228136882 -0.262077186312 0.0 0.0
90.0 0.041825095057 -0.258274904943 0.0 0.0
90.0 0.0456273764259 -0.254472623574 0.0 0.0
90.0 0.0494296577947 -0.250670342205 0.0 0.0
90.0 0.0532319391635 -0.246868060837 0.0 0.0
90.0 0.0570342205323 -0.243065779468 0.0 0.0
90.0 0.0608365019011 -0.239263498099 0.0 0.0
90.0 0.06463878327 -0.23546121673 0.0 0.0
90.0 0.0684410646388 -0.231658935361 0.0 0.0
90.0 0.0722433460076 -0.227856653992 0.0 0.0
90.0 0.0760456273764 -0.224054372624 0.0 0.0
90.0 0.0798479087452 -0.220252091255 0.0 0.0
90.0 0.0836501901141 -0.216449809886 0.0 0.0
90.0 0.0874524714829 -0.212647528517 0.0 0.0
90.0 0.0912547528517 -0.208845247148 0.0 0.0
90.0 0.0950570342205 -0.205042965779 0.0 0.0
90.0 0.0988593155894 -0.201240684411 0.0 0.0
90.0 0.102661596958 -0.197438403042 0.0 0.0
90.0 0.106463878327 -0.193636121673 0.0 0.0
90.0 0.110266159696 -0.189833840304 0.0 0.0
90.0 0.114068441065 -0.186031558935 0.0 0.0
90.0 0.117870722433 -0.182229277567 0.0 0.0
90.0 0.121673003802 -0.178426996198 0.0 0.0
90.0 0.125475285171 -0.174624714829 0.0 0.0
90.0 0.12927756654 -0.17082243346 0.0 0.0
90.0 0.133079847909 -0.167020152091 0.0 0.0
90.0 0.136882129278 -0.163217870722 0.0 0.0
90.0 0.140684410646 -0.159415589354 0.0 0.0
90.0 0.144486692015 -0.155613307985 0.0 0.0
90.0 0.148288973384 -0.151811026616 0.0 0.0
90.0 0.152091254753 -0.148008745247 0.0 0.0
90.0 0.155893536122 -0.144206463878 0.0 0.0
90.0 0.15969581749 -0.14040418251 0.0 0.0
90.0 0.163498098859 -0.136601901141 0.0 0.0
90.0 0.167300380228 -0.132799619772 0.0 0.0
90.0 0.171102661597 -0.128997338403 0.0 0.0
90.0 0.174904942966 -0.125195057034 0.0 0.0
90.0 0.178707224335 -0.121392775665 0.0 0.0
90.0 0.182509505703 -0.117590494297 0.0 0.0
90.0 0.186311787072 -0.113788212928 0.0 0.0
90.0 0.190114068441 -0.109985931559 0.0 0.0
90.0 0.19391634981 -0.10618365019 0.0 0.0
90.0 0.197718631179 -0.102381368821 0.0 0.0
90.0 0.201520912548 -0.0985790874525 0.0 0.0
90.0 0.205323193916 -0.0947768060837 0.0 0.0
90.0 0.209125475285 -0.0909745247148 0.0 0.0
90.0 0.212927756654 -0.087172243346 0.0 0.0
90.0 0.216730038023 -0.0833699619772 0.0 0.0
90.0 0.220532319392 -0.0795676806084 0.0 0.0
90.0 0.22433460076 -0.0757653992395 0.0 0.0
90.0 0.228136882129 -0.0719631178707 0.0 0.0
90.0 0.231939163498 -0.0681608365019 0.0 0.0
90.0 0.235741444867 -0.0643585551331 0.0 0.0
90.0 0.239543726236 -0.0605562737643 0.0 0.0
90.0 0.243346007605 -0.0567539923954 0.0 0.0
90.0 0.247148288973 -0.0529517110266 0.0 0.0
90.0 0.250950570342 -0.0491494296578 0.0 0.0
90.0 0.254752851711 -0.045347148289 0.0 0.0
90.0 0.25855513308 -0.0415448669202 0.0 0.0
90.0 0.262357414449 -0.0377425855513 0.0 0.0
90.0 0.266159695817 -0.0339403041825 0.0 0.0
90.0 0.269961977186 -0.0301380228137 0.0 0.0
90.0 0.273764258555 -0.0263357414449 0.0 0.0
90.0 0.277566539924 -0.022533460076 0.0 0.0
90.0 0.281368821293 -0.0187311787072 0.0 0.0
90.0 0.285171102662 -0.0149288973384 0.0 0.0
90.0 0.28897338403 -0.0111266159696 0.0 0.0
90.0 0.292775665399 -0.00732433460076 0.0 0.0
90.0 0.296577946768 -0.00352205323194 406777.128153 0.0390515769277
90.0 0.300380228137 0.00028022813688 5833185.26966 0.559999733333
90.0 0.304182509506 0.0040825095057 10416407.2274 1.0
90.0 0.307984790875 0.00788479087452 9528982.42989 0.914805097556
90.0 0.311787072243 0.0116870722433 8611230.56793 0.826698724416
90.0 0.315589353612 0.0154893536122 7806320.61708 0.749425444554
90.0 0.319391634981 0.019291634981 6747246.75051 0.647751821063
90.0 0.32319391635 0.0230939163498 4846448.37551 0.465270632157
90.0 0.326996197719 0.0268961977186 2565290.41707 0.24627401378
90.0 0.330798479087 0.0306984790875 567914.39063 0.054521139413
90.0 0.334600760456 0.0345007604563 -1126595.53559 -0.108155865165
90.0 0.338403041825 0.0383030418251 -2379458.26262 -0.228433682618
90.0 0.342205323194 0.0421053231939 -3269642.82805 -0.313893529377
90.0 0.346007604563 0.0459076045627 -3718240.48164 -0.356959976742
90.0 0.349809885932 0.0497098859316 -3767661.34291 -0.361704497591
90.0 0.3536121673 0.0535121673004 -3842729.57432 -0.368911227299
90.0 0.357414448669 0.0573144486692 -3727797.62818 -0.357877485661
90.0 0.361216730038 0.061116730038 -3422831.57674 -0.328600015534
90.0 0.365019011407 0.0649190114068 -3169960.47056 -0.304323784713
90.0 0.368821292776 0.0687212927757 -2901473.92183 -0.278548434069
90.0 0.372623574144 0.0725235741445 -2610014.13982 -0.250567598101
90.0 0.376425855513 0.0763258555133 -2378921.89802 -0.228382190334
90.0 0.380228136882 0.0801281368821 -2146644.70511 -0.206083024429
90.0 0.384030418251 0.0839304182509 -1906006.15423 -0.182981148165
90.0 0.38783269962 0.0877326996198 -1718391.63446 -0.164969705671
90.0 0.391634980989 0.0915349809886 -1542413.69048 -0.148075402277
90.0 0.395437262357 0.0953372623574 -1419854.65205 -0.136309441542
90.0 0.399239543726 0.0991395437262 -1786737.61315 -0.171531083044
90.0 0.403041825095 0.102941825095 -2083408.76737 -0.200012223205
90.0 0.406844106464 0.106744106464 -1893905.47153 -0.181819453692
90.0 0.410646387833 0.110546387833 -1694751.62273 -0.16270020802
90.0 0.414448669202 0.114348669202 -1456144.06369 -0.13979331183
90.0 0.41825095057 0.11815095057 -1152888.78595 -0.110680080068
90.0 0.422053231939 0.121953231939 -834856.837988 -0.0801482526324
90.0 0.425855513308 0.125755513308 -557363.822379 -0.0535082596339
90.0 0.429657794677 0.129557794677 -352656.363884 -0.0338558541524
90.0 0.433460076046 0.133360076046 -213014.075864 -0.0204498606106
90.0 0.437262357414 0.137162357414 -120728.350781 -0.0115902103427
90.0 0.441064638783 0.140964638783 -66082.0846506 -0.00634403813212
90.0 0.444866920152 0.144766920152 -34644.0785893 -0.00332591438034
90.0 0.448669201521 0.148569201521 -17664.42605 -0.00169582713735
90.0 0.45247148289 0.15237148289 -8714.13054862 -0.000836577368602
90.0 0.456273764259 0.156173764259 -4148.28459814 -0.000398245240183
90.0 0.460076045627 0.159976045627 -1920.72069619 -0.000184393779376
90.0 0.463878326996 0.163778326996 -867.58234357 -8.32899794167e-05
90.0 0.467680608365 0.167580608365 -385.143116267 -3.69746600586e-05
90.0 0.471482889734 0.171382889734 -165.895618832 -1.59263760728e-05
90.0 0.475285171103 0.175185171103 -69.1700079612 -6.64048615333e-06
90.0 0.479087452471 0.178987452471 -28.5203448868 -2.73802130274e-06
90.0 0.48288973384 0.18278973384 -11.5379954816 -1.10767515418e-06
90.0 0.486692015209 0.186592015209 -4.51835158122 -4.33772555408e-07
90.0 0.490494296578 0.190394296578 -1.75884375515 -1.6885320598e-07
90.0 0.494296577947 0.194196577947 -0.665327680035 -6.3873048116e-08
90.0 0.498098859316 0.197998859316 -0.24530798589 -2.35501531895e-08
90.0 0.501901140684 0.201801140684 -0.0899726538983 -8.63758990348e-09
90.0 0.505703422053 0.205603422053 -0.0323435703938 -3.10506009294e-09
90.0 0.509505703422 0.209405703422 -0.0113170031042 -1.08645935754e-09
90.0 0.513307984791 0.213207984791 -0.00390728649183 -3.75108845738e-10
90.0 0.51711026616 0.21701026616 -0.00134280642807 -1.28912627814e-10
90.0 0.520912547529 0.220812547529 -0.000445192603061 -4.27395543722e-11
90.0 0.524714828897 0.224614828897 -0.000146340740095 -1.40490609573e-11
90.0 0.528517110266 0.228417110266 -4.78358092635e-05 -4.59235206717e-12
90.0 0.532319391635 0.232219391635 -1.5189771076e-05 -1.45825434282e-12
90.0 0.536121673004 0.236021673004 -4.75827925579e-06 -4.56806185846e-13
90.0 0.539923954373 0.239823954373 -1.4678393802e-06 -1.40916090179e-13
90.0 0.543726235741 0.243626235741 -4.44919822302e-07 -4.27133667672e-14
90.0 0.54752851711 0.24742851711 -1.33076521318e-07 -1.27756642394e-14
90.0 0.551330798479 0.251230798479 -3.93691706782e-08 -3.77953451882e-15
90.0 0.555133079848 0.255033079848 -1.14622755208e-08 -1.10040585689e-15
90.0 0.558935361217 0.258835361217 -3.27406523712e-09 -3.14318091222e-16
90.0 0.562737642586 0.262637642586 -9.23784302539e-10 -8.86855018595e-17
90.0 0.566539923954 0.266439923954 -2.56403056931e-10 -2.46153065382e-17
90.0 0.570342205323 0.270242205323 -7.07195534755e-11 -6.78924622773e-18
90.0 0.574144486692 0.274044486692 -1.9057391068e-11 -1.82955510973e-18
90.0 0.577946768061 0.277846768061 -5.08740259286e-12 -4.88402813156e-19
90.0 0.58174904943 0.28164904943 -1.3323773281e-12 -1.2791140928e-19
90.0 0.585551330798 0.285451330798 -3.46126397332e-13 -3.32289617499e-20
90.0 0.589353612167 0.289253612167 -8.8649560389e-14 -8.510569763e-21
90.0 0.593155893536 0.293055893536 -2.2210082947e-14 -2.13222106836e-21
90.0 0.596958174905 0.296858174905 -5.50377159642e-15 -5.28375233057e-22
90.0 0.600760456274 0.300660456274 -1.35692021906e-15 -1.30267585496e-22
90.0 0.604562737643 0.304462737643 -3.26971157899e-16 -3.13900129631e-23
90.0 0.608365019011 0.308265019011 -7.83966700117e-17 -7.52626777159e-24
90.0 0.61216730038 0.31206730038 -1.83134154879e-17 -1.75813167516e-24
90.0 0.615969581749 0.315869581749 -4.29382492318e-18 -4.12217459381e-25
90.0 0.619771863118 0.319671863118 -9.74196139256e-19 -9.35251587216e-26
90.0 0.623574144487 0.323474144487 -2.21776296823e-19 -2.12910547736e-26
90.0 0.627376425856 0.327276425856 -4.96505370597e-20 -4.76657027472e-27
90.0 0.631178707224 0.331078707224 -1.08275063315e-20 -1.03946649694e-27
90.0 0.634980988593 0.334880988593 -2.35681772058e-21 -2.26260136448e-28
90.0 0.638783269962 0.338683269962 -4.94832088819e-22 -4.75050636956e-29
90.0 0.642585551331 0.342485551331 -9.7321544413e-23 -9.34310096446e-30
90.0 0.6463878327 0.3462878327 -1.77085386407e-23 -1.70006205154e-30
90.0 0.650190114068 0.350090114068 -3.34618083937e-24 -3.2124136147e-31
90.0 0.653992395437 0.353892395437 -6.32812089738e-25 -6.07514737011e-32
90.0 0.657794676806 0.357694676806 -1.20494920984e-25 -1.1567800524e-32
90.0 0.661596958175 0.361496958175 -2.22675995353e-26 -2.13774279837e-33
90.0 0.665399239544 0.365299239544 -4.16062401598e-27 -3.994298538e-34
90.0 0.669201520913 0.369101520913 -7.59499594186e-28 -7.29137770445e-35
90.0 0.673003802281 0.372903802281 -1.36643092256e-28 -1.31180635772e-35
90.0 0.67680608365 0.37670608365 -2.46461501392e-29 -2.36608934358e-36
90.0 0.680608365019 0.380508365019 -4.33292886492e-30 -4.15971531288e-37
90.0 0.684410646388 0.384310646388 -7.53245294736e-31 -7.23133493429e-38
90.0 0.688212927757 0.388112927757 -1.29859729256e-31 -1.24668445099e-38
90.0 0.692015209125 0.391915209125 -2.22537349186e-32 -2.13641176201e-39
90.0 0.695817490494 0.395717490494 -3.71944527575e-33 -3.57075639857e-40
90.0 0.699619771863 0.399519771863 -6.17444602603e-34 -5.92761581917e-41
90.0 0.703422053232 0.403322053232 -1.01834104488e-34 -9.77631752139e-42
90.0 0.707224334601 0.407124334601 -1.63889432614e-35 -1.5733777399e-42
90.0 0.71102661597 0.41092661597 -2.60558427113e-36 -2.50142320115e-43
90.0 0.714828897338 0.414728897338 -4.08871260546e-37 -3.92526186446e-44
90.0 0.718631178707 0.418531178707 -6.42471303288e-38 -6.16787812975e-45
90.0 0.722433460076 0.422333460076 -9.83604706212e-39 -9.44284036458e-46
90.0 0.726235741445 0.426135741445 -1.47373692781e-39 -1.41482268851e-46
90.0 0.730038022814 0.429938022814 -2.19971947274e-40 -2.11178329026e-47
90.0 0.733840304183 0.433740304183 -3.20146861992e-41 -3.07348642388e-48
90.0 0.737642585551 0.437542585551 -4.74046046582e-42 -4.55095539404e-49
90.0 0.74144486692 0.44134486692 -6.74819500925e-43 -6.47842856169e-50
90.0 0.745247148289 0.445147148289 -9.36741093561e-44 -8.9929384778e-51
90.0 0.749049429658 0.448949429658 -1.28942831857e-44 -1.23788201672e-51
90.0 0.752851711027 0.452751711027 -1.81610249385e-45 -1.74350181805e-52
90.0 0.756653992395 0.456553992395 -2.39069733343e-46 -2.29512660289e-53
90.0 0.760456273764 0.460356273764 -3.10217803043e-47 -2.97816508389e-54
90.0 0.764258555133 0.464158555133 -4.27179936313e-48 -4.10102952952e-55
90.0 0.768060836502 0.467960836502 -5.24032290916e-49 -5.03083529161e-56
90.0 0.771863117871 0.471763117871 -6.45804362096e-50 -6.19987629126e-57
90.0 0.77566539924 0.47556539924 -8.30952501056e-51 -7.97734269515e-58
90.0 0.779467680608 0.479367680608 -9.64717267626e-52 -9.26151643807e-59
90.0 0.783269961977 0.483169961977 -1.08652193919e-52 -1.04308704092e-59
90.0 0.787072243346 0.486972243346 -1.33648771184e-53 -1.28306015948e-60
90.0 0.790874524715 0.490774524715 -1.38644122197e-54 -1.33101672361e-61
90.0 0.794676806084 0.494576806084 -1.52441623737e-55 -1.46347603745e-62
90.0 0.798479087452 0.498379087452 -1.53440522326e-56 -1.47306570275e-63
90.0 0.802281368821 0.502181368821 -1.23960700539e-57 -1.19005236482e-64
90.0 0.80608365019 0.50598365019 -1.28040744375e-58 -1.2292217612e-65
90.0 0.809885931559 0.509785931559 -6.4012322954e-60 -6.14533606034e-67
90.0 0.813688212928 0.513588212928 -8.37432912274e-62 -8.03955619235e-69
90.0 0.817490494297 0.517390494297 0.0 0.0
90.0 0.821292775665 0.521192775665 0.0 0.0
90.0 0.825095057034 0.524995057034 0.0 0.0
90.0 0.828897338403 0.528797338403 0.0 0.0
90.0 0.832699619772 0.532599619772 0.0 0.0
90.0 0.836501901141 0.536401901141 0.0 0.0
90.0 0.84030418251 0.54020418251 0.0 0.0
90.0 0.844106463878 0.544006463878 0.0 0.0
90.0 0.847908745247 0.547808745247 0.0 0.0
90.0 0.851711026616 0.551611026616 0.0 0.0
90.0 0.855513307985 0.555413307985 0.0 0.0
90.0 0.859315589354 0.559215589354 0.0 0.0
90.0 0.863117870722 0.563017870722 0.0 0.0
90.0 0.866920152091 0.566820152091 0.0 0.0
90.0 0.87072243346 0.57062243346 0.0 0.0
90.0 0.874524714829 0.574424714829 0.0 0.0
90.0 0.878326996198 0.578226996198 0.0 0.0
90.0 0.882129277567 0.582029277567 0.0 0.0
90.0 0.885931558935 0.585831558935 0.0 0.0
90.0 0.889733840304 0.589633840304 0.0 0.0
90.0 0.893536121673 0.593436121673 0.0 0.0
90.0 0.897338403042 0.597238403042 0.0 0.0
90.0 0.901140684411 0.601040684411 0.0 0.0
90.0 0.904942965779 0.604842965779 0.0 0.0
90.0 0.908745247148 0.608645247148 0.0 0.0
90.0 0.912547528517 0.612447528517 0.0 0.0
90.0 0.916349809886 0.616249809886 0.0 0.0
90.0 0.920152091255 0.620052091255 0.0 0.0
90.0 0.923954372624 0.623854372624 0.0 0.0
90.0 0.927756653992 0.627656653992 0.0 0.0
90.0 0.931558935361 0.631458935361 0.0 0.0
90.0 0.93536121673 0.63526121673 0.0 0.0
90.0 0.939163498099 0.639063498099 0.0 0.0
90.0 0.942965779468 0.642865779468 0.0 0.0
90.0 0.946768060836 0.646668060836 0.0 0.0
90.0 0.950570342205 0.650470342205 0.0 0.0
90.0 0.954372623574 0.654272623574 0.0 0.0
90.0 0.958174904943 0.658074904943 0.0 0.0
90.0 0.961977186312 0.661877186312 0.0 0.0
90.0 0.965779467681 0.665679467681 0.0 0.0
90.0 0.969581749049 0.669481749049 0.0 0.0
90.0 0.973384030418 0.673284030418 0.0 0.0
90.0 0.977186311787 0.677086311787 0.0 0.0
90.0 0.980988593156 0.680888593156 0.0 0.0
90.0 0.984790874525 0.684690874525 0.0 0.0
90.0 0.988593155894 0.688493155894 0.0 0.0
90.0 0.992395437262 0.692295437262 0.0 0.0
90.0 0.996197718631 0.696097718631 0.0 0.0
90.0 1.0 0.6999 0.0 0.0
90.0 1.00380228137 0.703702281369 0.0 0.0
90.0 1.00760456274 0.707504562738 0.0 0.0
90.0 1.01140684411 0.711306844106 0.0 0.0
90.0 1.01520912548 0.715109125475 0.0 0.0
90.0 1.01901140684 0.718911406844 0.0 0.0
90.0 1.02281368821 0.722713688213 0.0 0.0
90.0 1.02661596958 0.726515969582 0.0 0.0
90.0 1.03041825095 0.730318250951 0.0 0.0
90.0 1.03422053232 0.734120532319 0.0 0.0
90.0 1.03802281369 0.737922813688 0.0 0.0
90.0 1.04182509506 0.741725095057 0.0 0.0
90.0 1.04562737643 0.745527376426 0.0 0.0
90.0 1.04942965779 0.749329657795 0.0 0.0
90.0 1.05323193916 0.753131939163 0.0 0.0
90.0 1.05703422053 0.756934220532 0.0 0.0
90.0 1.0608365019 0.760736501901 0.0 0.0
90.0 1.06463878327 0.76453878327 0.0 0.0
90.0 1.06844106464 0.768341064639 0.0 0.0
90.0 1.07224334601 0.772143346008 0.0 0.0
90.0 1.07604562738 0.775945627376 0.0 0.0
90.0 1.07984790875 0.779747908745 0.0 0.0
90.0 1.08365019011 0.783550190114 0.0 0.0
90.0 1.08745247148 0.787352471483 0.0 0.0
90.0 1.09125475285 0.791154752852 0.0 0.0
90.0 1.09505703422 0.794957034221 0.0 0.0
90.0 1.09885931559 0.798759315589 0.0 0.0
90.0 1.10266159696 0.802561596958 0.0 0.0
90.0 1.10646387833 0.806363878327 0.0 0.0
90.0 1.1102661597 0.810166159696 0.0 0.0
90.0 1.11406844106 0.813968441065 0.0 0.0
90.0 1.11787072243 0.817770722433 0.0 0.0
90.0 1.1216730038 0.821573003802 0.0 0.0
90.0 1.12547528517 0.825375285171 0.0 0.0
90.0 1.12927756654 0.82917756654 0.0 0.0
90.0 1.13307984791 0.832979847909 0.0 0.0
90.0 1.13688212928 0.836782129278 0.0 0.0
90.0 1.14068441065 0.840584410646 0.0 0.0
90.0 1.14448669202 0.844386692015 0.0 0.0
90.0 1.14828897338 0.848188973384 0.0 0.0
90.0 1.15209125475 0.851991254753 0.0 0.0
90.0 1.15589353612 0.855793536122 0.0 0.0
90.0 1.15969581749 0.85959581749 0.0 0.0
90.0 1.16349809886 0.863398098859 0.0 0.0
90.0 1.16730038023 0.867200380228 0.0 0.0
90.0 1.1711026616 0.871002661597 0.0 0.0
90.0 1.17490494297 0.874804942966 0.0 0.0
90.0 1.17870722433 0.878607224335 0.0 0.0
90.0 1.1825095057 0.882409505703 0.0 0.0
90.0 1.18631178707 0.886211787072 0.0 0.0
90.0 1.19011406844 0.890014068441 0.0 0.0
90.0 1.19391634981 0.89381634981 0.0 0.0
90.0 1.19771863118 0.897618631179 0.0 0.0
90.0 1.20152091255 0.901420912548 0.0 0.0
90.0 1.20532319392 0.905223193916 0.0 0.0
90.0 1.20912547529 0.909025475285 0.0 0.0
90.0 1.21292775665 0.912827756654 0.0 0.0
90.0 1.21673003802 0.916630038023 0.0 0.0
90.0 1.22053231939 0.920432319392 0.0 0.0
90.0 1.22433460076 0.92423460076 0.0 0.0
90.0 1.22813688213 0.928036882129 0.0 0.0
90.0 1.2319391635 0.931839163498 0.0 0.0
90.0 1.23574144487 0.935641444867 0.0 0.0
90.0 1.23954372624 0.939443726236 0.0 0.0
90.0 1.2433460076 0.943246007605 0.0 0.0
90.0 1.24714828897 0.947048288973 0.0 0.0
90.0 1.25095057034 0.950850570342 0.0 0.0
90.0 1.25475285171 0.954652851711 0.0 0.0
90.0 1.25855513308 0.95845513308 0.0 0.0
90.0 1.26235741445 0.962257414449 0.0 0.0
90.0 1.26615969582 0.966059695817 0.0 0.0
90.0 1.26996197719 0.969861977186 0.0 0.0
90.0 1.27376425856 0.973664258555 0.0 0.0
90.0 1.27756653992 0.977466539924 0.0 0.0
90.0 1.28136882129 0.981268821293 0.0 0.0
90.0 1.28517110266 0.985071102662 0.0 0.0
90.0 1.28897338403 0.98887338403 0.0 0.0
90.0 1.2927756654 0.992675665399 0.0 0.0
90.0 1.29657794677 0.996477946768 0.0 0.0
90.0 1.30038022814 1.00028022814 0.0 0.0
90.0 1.30418250951 1.00408250951 0.0 0.0
90.0 1.30798479087 1.00788479087 0.0 0.0
90.0 1.31178707224 1.01168707224 0.0 0.0
90.0 1.31558935361 1.01548935361 0.0 0.0
90.0 1.31939163498 1.01929163498 0.0 0.0
90.0 1.32319391635 1.02309391635 0.0 0.0
90.0 1.32699619772 1.02689619772 0.0 0.0
90.0 1.33079847909 1.03069847909 0.0 0.0
90.0 1.33460076046 1.03450076046 0.0 0.0
90.0 1.33840304183 1.03830304183 0.0 0.0
90.0 1.34220532319 1.04210532319 0.0 0.0
90.0 1.34600760456 1.04590760456 0.0 0.0
90.0 1.34980988593 1.04970988593 0.0 0.0
90.0 1.3536121673 1.0535121673 0.0 0.0
90.0 1.35741444867 1.05731444867 0.0 0.0
90.0 1.36121673004 1.06111673004 0.0 0.0
90.0 1.36501901141 1.06491901141 0.0 0.0
90.0 1.36882129278 1.06872129278 0.0 0.0
90.0 1.37262357414 1.07252357414 0.0 0.0
90.0 1.37642585551 1.07632585551 0.0 0.0
90.0 1.38022813688 1.08012813688 0.0 0.0
90.0 1.38403041825 1.08393041825 0.0 0.0
90.0 1.38783269962 1.08773269962 0.0 0.0
90.0 1.39163498099 1.09153498099 0.0 0.0
90.0 1.39543726236 1.09533726236 0.0 0.0
90.0 1.39923954373 1.09913954373 0.0 0.0
90.0 1.4030418251 1.1029418251 0.0 0.0
90.0 1.40684410646 1.10674410646 0.0 0.0
90.0 1.41064638783 1.11054638783 0.0 0.0
90.0 1.4144486692 1.1143486692 0.0 0.0
90.0 1.41825095057 1.11815095057 0.0 0.0
90.0 1.42205323194 1.12195323194 0.0 0.0
90.0 1.42585551331 1.12575551331 0.0 0.0
90.0 1.42965779468 1.12955779468 0.0 0.0
90.0 1.43346007605 1.13336007605 0.0 0.0
90.0 1.43726235741 1.13716235741 0.0 0.0
90.0 1.44106463878 1.14096463878 0.0 0.0
90.0 1.44486692015 1.14476692015 0.0 0.0
90.0 1.44866920152 1.14856920152 0.0 0.0
90.0 1.45247148289 1.15237148289 0.0 0.0
90.0 1.45627376426 1.15617376426 0.0 0.0
90.0 1.46007604563 1.15997604563 0.0 0.0
90.0 1.463878327 1.163778327 0.0 0.0
90.0 1.46768060837 1.16758060837 0.0 0.0
90.0 1.47148288973 1.17138288973 0.0 0.0
90.0 1.4752851711 1.1751851711 0.0 0.0
90.0 1.47908745247 1.17898745247 0.0 0.0
90.0 1.48288973384 1.18278973384 0.0 0.0
90.0 1.48669201521 1.18659201521 0.0 0.0
90.0 1.49049429658 1.19039429658 0.0 0.0
90.0 1.49429657795 1.19419657795 0.0 0.0
90.0 1.49809885932 1.19799885932 0.0 0.0
90.0 1.50190114068 1.20180114068 0.0 0.0
90.0 1.50570342205 1.20560342205 0.0 0.0
90.0 1.50950570342 1.20940570342 0.0 0.0
90.0 1.51330798479 1.21320798479 0.0 0.0
90.0 1.51711026616 1.21701026616 0.0 0.0
90.0 1.52091254753 1.22081254753 0.0 0.0
90.0 1.5247148289 1.2246148289 0.0 0.0
90.0 1.52851711027 1.22841711027 0.0 0.0
90.0 1.53231939163 1.23221939163 0.0 0.0
90.0 1.536121673 1.236021673 0.0 0.0
90.0 1.53992395437 1.23982395437 0.0 0.0
90.0 1.54372623574 1.24362623574 0.0 0.0
90.0 1.54752851711 1.24742851711 0.0 0.0
90.0 1.55133079848 1.25123079848 0.0 0.0
90.0 1.55513307985 1.25503307985 0.0 0.0
90.0 1.55893536122 1.25883536122 0.0 0.0
90.0 1.56273764259 1.26263764259 0.0 0.0
90.0 1.56653992395 1.26643992395 0.0 0.0
90.0 1.57034220532 1.27024220532 0.0 0.0
90.0 1.57414448669 1.27404448669 0.0 0.0
90.0 1.57794676806 1.27784676806 0.0 0.0
90.0 1.58174904943 1.28164904943 0.0 0.0
90.0 1.5855513308 1.2854513308 0.0 0.0
90.0 1.58935361217 1.28925361217 0.0 0.0
90.0 1.59315589354 1.29305589354 0.0 0.0
90.0 1.5969581749 1.2968581749 0.0 0.0
90.0 1.60076045627 1.30066045627 0.0 0.0
90.0 1.60456273764 1.30446273764 0.0 0.0
90.0 1.60836501901 1.30826501901 0.0 0.0
90.0 1.61216730038 1.31206730038 0.0 0.0
90.0 1.61596958175 1.31586958175 0.0 0.0
90.0 1.61977186312 1.31967186312 0.0 0.0
90.0 1.62357414449 1.32347414449 0.0 0.0
90.0 1.62737642586 1.32727642586 0.0 0.0
90.0 1.63117870722 1.33107870722 0.0 0.0
90.0 1.63498098859 1.33488098859 0.0 0.0
90.0 1.63878326996 1.33868326996 0.0 0.0
90.0 1.64258555133 1.34248555133 0.0 0.0
90.0 1.6463878327 1.3462878327 0.0 0.0
90.0 1.65019011407 1.35009011407 0.0 0.0
90.0 1.65399239544 1.35389239544 0.0 0.0
90.0 1.65779467681 1.35769467681 0.0 0.0
90.0 1.66159695817 1.36149695817 0.0 0.0
90.0 1.66539923954 1.36529923954 0.0 0.0
90.0 1.66920152091 1.36910152091 0.0 0.0
90.0 1.67300380228 1.37290380228 0.0 0.0
90.0 1.67680608365 1.37670608365 0.0 0.0
90.0 1.68060836502 1.38050836502 0.0 0.0
90.0 1.68441064639 1.38431064639 0.0 0.0
90.0 1.68821292776 1.38811292776 0.0 0.0
90.0 1.69201520913 1.39191520913 0.0 0.0
90.0 1.69581749049 1.39571749049 0.0 0.0
90.0 1.69961977186 1.39951977186 0.0 0.0
90.0 1.70342205323 1.40332205323 0.0 0.0
90.0 1.7072243346 1.4071243346 0.0 0.0
90.0 1.71102661597 1.41092661597 0.0 0.0
90.0 1.71482889734 1.41472889734 0.0 0.0
90.0 1.71863117871 1.41853117871 0.0 0.0
90.0 1.72243346008 1.42233346008 0.0 0.0
90.0 1.72623574144 1.42613574144 0.0 0.0
90.0 1.73003802281 1.42993802281 0.0 0.0
90.0 1.73384030418 1.43374030418 0.0 0.0
90.0 1.73764258555 1.43754258555 0.0 0.0
90.0 1.74144486692 1.44134486692 0.0 0.0
90.0 1.74524714829 1.44514714829 0.0 0.0
90.0 1.74904942966 1.44894942966 0.0 0.0
90.0 1.75285171103 1.45275171103 0.0 0.0
90.0 1.7566539924 1.4565539924 0.0 0.0
90.0 1.76045627376 1.46035627376 0.0 0.0
90.0 1.76425855513 1.46415855513 0.0 0.0
90.0 1.7680608365 1.4679608365 0.0 0.0
90.0 1.77186311787 1.47176311787 0.0 0.0
90.0 1.77566539924 1.47556539924 0.0 0.0
90.0 1.77946768061 1.47936768061 0.0 0.0
90.0 1.78326996198 1.48316996198 0.0 0.0
90.0 1.78707224335 1.48697224335 0.0 0.0
90.0 1.79087452471 1.49077452471 0.0 0.0
90.0 1.79467680608 1.49457680608 0.0 0.0
90.0 1.79847908745 1.49837908745 0.0 0.0
90.0 1.80228136882 1.50218136882 0.0 0.0
90.0 1.80608365019 1.50598365019 0.0 0.0
90.0 1.80988593156 1.50978593156 0.0 0.0
90.0 1.81368821293 1.51358821293 0.0 0.0
90.0 1.8174904943 1.5173904943 0.0 0.0
90.0 1.82129277567 1.52119277567 0.0 0.0
90.0 1.82509505703 1.52499505703 0.0 0.0
90.0 1.8288973384 1.5287973384 0.0 0.0
90.0 1.83269961977 1.53259961977 0.0 0.0
90.0 1.83650190114 1.53640190114 0.0 0.0
90.0 1.84030418251 1.54020418251 0.0 0.0
90.0 1.84410646388 1.54400646388 0.0 0.0
90.0 1.84790874525 1.54780874525 0.0 0.0
90.0 1.85171102662 1.55161102662 0.0 0.0
90.0 1.85551330798 1.55541330798 0.0 0.0
90.0 1.85931558935 1.55921558935 0.0 0.0
90.0 1.86311787072 1.56301787072 0.0 0.0
90.0 1.86692015209 1.56682015209 0.0 0.0
90.0 1.87072243346 1.57062243346 0.0 0.0
90.0 1.87452471483 1.57442471483 0.0 0.0
90.0 1.8783269962 1.5782269962 0.0 0.0
90.0 1.88212927757 1.58202927757 0.0 0.0
90.0 1.88593155894 1.58583155894 0.0 0.0
90.0 1.8897338403 1.5896338403 0.0 0.0
90.0 1.89353612167 1.59343612167 0.0 0.0
90.0 1.89733840304 1.59723840304 0.0 0.0
90.0 1.90114068441 1.60104068441 0.0 0.0
90.0 1.90494296578 1.60484296578 0.0 0.0
90.0 1.90874524715 1.60864524715 0.0 0.0
90.0 1.91254752852 1.61244752852 0.0 0.0
90.0 1.91634980989 1.61624980989 0.0 0.0
90.0 1.92015209125 1.62005209125 0.0 0.0
90.0 1.92395437262 1.62385437262 0.0 0.0
90.0 1.92775665399 1.62765665399 0.0 0.0
90.0 1.93155893536 1.63145893536 0.0 0.0
90.0 1.93536121673 1.63526121673 0.0 0.0
90.0 1.9391634981 1.6390634981 0.0 0.0
90.0 1.94296577947 1.64286577947 0.0 0.0
90.0 1.94676806084 1.64666806084 0.0 0.0
90.0 1.95057034221 1.65047034221 0.0 0.0
90.0 1.95437262357 1.65427262357 0.0 0.0
90.0 1.95817490494 1.65807490494 0.0 0.0
90.0 1.96197718631 1.66187718631 0.0 0.0
90.0 1.96577946768 1.66567946768 0.0 0.0
90.0 1.96958174905 1.66948174905 0.0 0.0
90.0 1.97338403042 1.67328403042 0.0 0.0
90.0 1.97718631179 1.67708631179 0.0 0.0
90.0 1.98098859316 1.68088859316 0.0 0.0
90.0 1.98479087452 1.68469087452 0.0 0.0
90.0 1.98859315589 1.68849315589 0.0 0.0
90.0 1.99239543726 1.69229543726 0.0 0.0
90.0 1.99619771863 1.69609771863 0.0 0.0
90.0 2.0 1.6999 0.0 0.0
90.0 2.00380228137 1.70370228137 0.0 0.0
90.0 2.00760456274 1.70750456274 0.0 0.0
90.0 2.01140684411 1.71130684411 0.0 0.0
90.0 2.01520912548 1.71510912548 0.0 0.0
90.0 2.01901140684 1.71891140684 0.0 0.0
90.0 2.02281368821 1.72271368821 0.0 0.0
90.0 2.02661596958 1.72651596958 0.0 0.0
90.0 2.03041825095 1.73031825095 0.0 0.0
90.0 2.03422053232 1.73412053232 0.0 0.0
90.0 2.03802281369 1.73792281369 0.0 0.0
90.0 2.04182509506 1.74172509506 0.0 0.0
90.0 2.04562737643 1.74552737643 0.0 0.0
90.0 2.04942965779 1.74932965779 0.0 0.0
90.0 2.05323193916 1.75313193916 0.0 0.0
90.0 2.05703422053 1.75693422053 0.0 0.0
90.0 2.0608365019 1.7607365019 0.0 0.0
90.0 2.06463878327 1.76453878327 0.0 0.0
90.0 2.06844106464 1.76834106464 0.0 0.0
90.0 2.07224334601 1.77214334601 0.0 0.0
90.0 2.07604562738 1.77594562738 0.0 0.0
90.0 2.07984790875 1.77974790875 0.0 0.0
90.0 2.08365019011 1.78355019011 0.0 0.0
90.0 2.08745247148 1.78735247148 0.0 0.0
90.0 2.09125475285 1.79115475285 0.0 0.0
90.0 2.09505703422 1.79495703422 0.0 0.0
90.0 2.09885931559 1.79875931559 0.0 0.0
90.0 2.10266159696 1.80256159696 0.0 0.0
90.0 2.10646387833 1.80636387833 0.0 0.0
90.0 2.1102661597 1.8101661597 0.0 0.0
90.0 2.11406844106 1.81396844106 0.0 0.0
90.0 2.11787072243 1.81777072243 0.0 0.0
90.0 2.1216730038 1.8215730038 0.0 0.0
90.0 2.12547528517 1.82537528517 0.0 0.0
90.0 2.12927756654 1.82917756654 0.0 0.0
90.0 2.13307984791 1.83297984791 0.0 0.0
90.0 2.13688212928 1.83678212928 0.0 0.0
90.0 2.14068441065 1.84058441065 0.0 0.0
90.0 2.14448669202 1.84438669202 0.0 0.0
90.0 2.14828897338 1.84818897338 0.0 0.0
90.0 2.15209125475 1.85199125475 0.0 0.0
90.0 2.15589353612 1.85579353612 0.0 0.0
90.0 2.15969581749 1.85959581749 0.0 0.0
90.0 2.16349809886 1.86339809886 0.0 0.0
90.0 2.16730038023 1.86720038023 0.0 0.0
90.0 2.1711026616 1.8710026616 0.0 0.0
90.0 2.17490494297 1.87480494297 0.0 0.0
90.0 2.17870722433 1.87860722433 0.0 0.0
90.0 2.1825095057 1.8824095057 0.0 0.0
90.0 2.18631178707 1.88621178707 0.0 0.0
90.0 2.19011406844 1.89001406844 0.0 0.0
90.0 2.19391634981 1.89381634981 0.0 0.0
90.0 2.19771863118 1.89761863118 0.0 0.0
90.0 2.20152091255 1.90142091255 0.0 0.0
90.0 2.20532319392 1.90522319392 0.0 0.0
90.0 2.20912547529 1.90902547529 0.0 0.0
90.0 2.21292775665 1.91282775665 0.0 0.0
90.0 2.21673003802 1.91663003802 0.0 0.0
90.0 2.22053231939 1.92043231939 0.0 0.0
90.0 2.22433460076 1.92423460076 0.0 0.0
90.0 2.22813688213 1.92803688213 0.0 0.0
90.0 2.2319391635 1.9318391635 0.0 0.0
90.0 2.23574144487 1.93564144487 0.0 0.0
90.0 2.23954372624 1.93944372624 0.0 0.0
90.0 2.2433460076 1.9432460076 0.0 0.0
90.0 2.24714828897 1.94704828897 0.0 0.0
90.0 2.25095057034 1.95085057034 0.0 0.0
90.0 2.25475285171 1.95465285171 0.0 0.0
90.0 2.25855513308 1.95845513308 0.0 0.0
90.0 2.26235741445 1.96225741445 0.0 0.0
90.0 2.26615969582 1.96605969582 0.0 0.0
90.0 2.26996197719 1.96986197719 0.0 0.0
90.0 2.27376425856 1.97366425856 0.0 0.0
90.0 2.27756653992 1.97746653992 0.0 0.0
90.0 2.28136882129 1.98126882129 0.0 0.0
90.0 2.28517110266 1.98507110266 0.0 0.0
90.0 2.28897338403 1.98887338403 0.0 0.0

# phi, xD, zD =  180.0 -0.0001 0.2
# D =  0.37037037037
# (t in s) (c0 tau in cm) (p(tau) in au)
180.0 0.0 0.2 0.0 0.0
180.0 0.00380228136882 0.203802281369 0.0 0.0
180.0 0.00760456273764 0.207604562738 0.0 0.0
180.0 0.0114068441065 0.211406844106 0.0 0.0
180.0 0.0152091254753 0.215209125475 0.0 0.0
180.0 0.0190114068441 0.219011406844 0.0 0.0
180.0 0.0228136882129 0.222813688213 0.0 0.0
180.0 0.0266159695817 0.226615969582 0.0 0.0
180.0 0.0304182509506 0.230418250951 0.0 0.0
180.0 0.0342205323194 0.234220532319 0.0 0.0
180.0 0.0380228136882 0.238022813688 0.0 0.0
180.0 0.041825095057 0.241825095057 0.0 0.0
180.0 0.0456273764259 0.245627376426 0.0 0.0
180.0 0.0494296577947 0.249429657795 0.0 0.0
180.0 0.0532319391635 0.253231939163 0.0 0.0
180.0 0.0570342205323 0.257034220532 0.0 0.0
180.0 0.0608365019011 0.260836501901 0.0 0.0
180.0 0.06463878327 0.26463878327 0.0 0.0
180.0 0.0684410646388 0.268441064639 0.0 0.0
180.0 0.0722433460076 0.272243346008 0.0 0.0
180.0 0.0760456273764 0.276045627376 0.0 0.0
180.0 0.0798479087452 0.279847908745 0.0 0.0
180.0 0.0836501901141 0.283650190114 0.0 0.0
180.0 0.0874524714829 0.287452471483 0.0 0.0
180.0 0.0912547528517 0.291254752852 0.0 0.0
180.0 0.0950570342205 0.295057034221 4.78817184645e-22 9.03949965563e-28
180.0 0.0988593155894 0.298859315589 7.49771162837e-20 1.41547888956e-25
180.0 0.102661596958 0.302661596958 2.01130954974e-18 3.79711350497e-24
180.0 0.106463878327 0.306463878327 2.6936673873e-17 5.08532404448e-23
180.0 0.110266159696 0.310266159696 2.45904933923e-16 4.64239304018e-22
180.0 0.114068441065 0.314068441065 1.72263447947e-15 3.25212926421e-21
180.0 0.117870722433 0.317870722433 1.04281841047e-14 1.96871728179e-20
180.0 0.121673003802 0.321673003802 5.6505603302e-14 1.06675866692e-19
180.0 0.125475285171 0.325475285171 2.60933611091e-13 4.92611661242e-19
180.0 0.12927756654 0.32927756654 1.10957256115e-12 2.09474118851e-18
180.0 0.133079847909 0.333079847909 4.61294383289e-12 8.70868998148e-18
180.0 0.136882129278 0.336882129278 1.76521323778e-11 3.33251290194e-17
180.0 0.140684410646 0.340684410646 6.32713640165e-11 1.19448819211e-16
180.0 0.144486692015 0.344486692015 2.10972912536e-10 3.9829179724e-16
180.0 0.148288973384 0.348288973384 6.90249696296e-10 1.30310943133e-15
180.0 0.152091254753 0.352091254753 2.1982500503e-09 4.15003496322e-15
180.0 0.155893536122 0.355893536122 6.48193084857e-09 1.22371154487e-14
180.0 0.15969581749 0.35969581749 1.87522970708e-08 3.54021092705e-14
180.0 0.163498098859 0.363498098859 5.31761661194e-08 1.00390284797e-13
180.0 0.167300380228 0.367300380228 1.46918777919e-07 2.77365200121e-13
180.0 0.171102661597 0.371102661597 3.82699680058e-07 7.22491534771e-13
180.0 0.174904942966 0.374904942966 9.99287747627e-07 1.88653656139e-12
180.0 0.178707224335 0.378707224335 2.5165842774e-06 4.75101216883e-12
180.0 0.182509505703 0.382509505703 6.16174604093e-06 1.16326445669e-11
180.0 0.186311787072 0.386311787072 1.48400238197e-05 2.80162021143e-11
180.0 0.190114068441 0.390114068441 3.49267922487e-05 6.5937634786e-11
180.0 0.19391634981 0.39391634981 8.05303049226e-05 1.52031649439e-10
180.0 0.197718631179 0.397718631179 0.000182665322801 3.44850430499e-10
180.0 0.201520912548 0.401520912548 0.000404910791213 7.64423474158e-10
180.0 0.205323193916 0.405323193916 0.000878863755276 1.65919036909e-09
180.0 0.209125475285 0.409125475285 0.00189300538809 3.57376930121e-09
180.0 0.212927756654 0.412927756654 0.00395537368264 7.46727565106e-09
180.0 0.216730038023 0.416730038023 0.00808025321719 1.52545582148e-08
180.0 0.220532319392 0.420532319392 0.0161685305553 3.05242650167e-08
180.0 0.22433460076 0.42433460076 0.0324064230625 6.1179477159e-08
180.0 0.228136882129 0.428136882129 0.0636886790713 1.20236660461e-07
180.0 0.231939163498 0.431939163498 0.122436184529 2.31144972105e-07
180.0 0.235741444867 0.435741444867 0.232120767209 4.38216434692e-07
180.0 0.239543726236 0.439543726236 0.427872685669 8.07772803231e-07
180.0 0.243346007605 0.443346007605 0.794115612954 1.49919594368e-06
180.0 0.247148288973 0.447148288973 1.4421272033 2.72256484848e-06
180.0 0.250950570342 0.450950570342 2.55277858714 4.81934272606e-06
180.0 0.254752851711 0.454752851711 4.47157000404 8.44179298652e-06
180.0 0.25855513308 0.45855513308 7.77184901546 1.46723277175e-05
180.0 0.262357414449 0.462357414449 13.4022912561 2.53019338235e-05
180.0 0.266159695817 0.466159695817 22.0963077523 4.17152041995e-05
180.0 0.269961977186 0.469961977186 37.31351393 7.04434817999e-05
180.0 0.273764258555 0.473764258555 60.6933035984 0.000114581747391
180.0 0.277566539924 0.477566539924 98.563332361 0.000186075863086
180.0 0.281368821293 0.481368821293 157.877687138 0.00029805431891
180.0 0.285171102662 0.485171102662 247.650656874 0.000467535021574
180.0 0.28897338403 0.48897338403 382.870609063 0.000722814228428
180.0 0.292775665399 0.492775665399 595.528571144 0.00112428719904
180.0 0.296577946768 0.496577946768 896.886162857 0.0016932145337
180.0 0.300380228137 0.500380228137 1338.16309387 0.00252629295985
180.0 0.304182509506 0.504182509506 1976.09449045 0.00373063165625
180.0 0.307984790875 0.507984790875 2875.49057057 0.00542858461558
180.0 0.311787072243 0.511787072243 4180.73800877 0.0078927367276
180.0 0.315589353612 0.515589353612 5929.02580205 0.0111932964009
180.0 0.319391634981 0.519391634981 8256.5584266 0.0155874015067
180.0 0.32319391635 0.52319391635 11501.4361678 0.0217133452208
180.0 0.326996197719 0.526996197719 15798.2003241 0.029825125532
180.0 0.330798479087 0.530798479087 21424.9616986 0.0404477825999
180.0 0.334600760456 0.534600760456 28403.0537123 0.0536215913891
180.0 0.338403041825 0.538403041825 37447.3879934 0.0706962201287
180.0 0.342205323194 0.542205323194 49143.7047886 0.0927774768237
180.0 0.346007604563 0.546007604563 62307.6312987 0.117629406322
180.0 0.349809885932 0.549809885932 80517.6713862 0.152007798823
180.0 0.3536121673 0.5536121673 99009.3008103 0.186917798542
180.0 0.357414448669 0.557414448669 123834.655205 0.233785118616
180.0 0.361216730038 0.561216730038 151648.47075 0.286294298342
180.0 0.365019011407 0.565019011407 180058.204512 0.339928500872
180.0 0.368821292776 0.568821292776 215494.738923 0.406828468308
180.0 0.372623574144 0.572623574144 249783.84576 0.471562228788
180.0 0.376425855513 0.576425855513 291414.821417 0.550156565453
180.0 0.380228136882 0.580228136882 326304.694605 0.616024501439
180.0 0.384030418251 0.584030418251 374517.624177 0.707044785221
180.0 0.38783269962 0.58783269962 409846.737976 0.773741955302
180.0 0.391634980989 0.591634980989 444347.973926 0.838876190348
180.0 0.395437262357 0.595437262357 478586.578981 0.903514609463
180.0 0.399239543726 0.599239543726 497095.024249 0.938456355496
180.0 0.403041825095 0.603041825095 514467.416246 0.971253367908
180.0 0.406844106464 0.606844106464 522584.172759 0.986576840008
180.0 0.410646387833 0.610646387833 529694.344695 1.0
180.0 0.414448669202 0.614448669202 508823.545461 0.960598410304
180.0 0.41825095057 0.61825095057 493612.950326 0.931882613568
180.0 0.422053231939 0.622053231939 463332.162048 0.874716082376
180.0 0.425855513308 0.625855513308 429150.992698 0.810186095049
180.0 0.429657794677 0.629657794677 397899.537071 0.75118705921
180.0 0.433460076046 0.633460076046 343373.317029 0.64824803298
180.0 0.437262357414 0.637262357414 308445.596655 0.582308646004
180.0 0.441064638783 0.641064638783 252956.289834 0.477551426341
180.0 0.444866920152 0.644866920152 237693.212483 0.448736549414
180.0 0.448669201521 0.648669201521 211003.550985 0.398349638992
180.0 0.45247148289 0.65247148289 179928.703434 0.339684018219
180.0 0.456273764259 0.656273764259 165862.497549 0.313128692443
180.0 0.460076045627 0.660076045627 120937.769695 0.228316142897
180.0 0.463878326996 0.663878326996 146102.112085 0.275823432039
180.0 0.467680608365 0.667680608365 123952.894014 0.234008339442
180.0 0.471482889734 0.671482889734 90931.1787434 0.171667263685
180.0 0.475285171103 0.675285171103 76057.9078093 0.143588294969
180.0 0.479087452471 0.679087452471 88918.1750185 0.167866951779
180.0 0.48288973384 0.68288973384 69269.854508 0.130773256694
180.0 0.486692015209 0.686692015209 35105.4497774 0.0662749189773
180.0 0.490494296578 0.690494296578 41642.9007805 0.0786168498825
180.0 0.494296577947 0.694296577947 21523.3380582 0.0406335054807
180.0 0.498098859316 0.698098859316 36497.2052143 0.0689023879146
180.0 0.501901140684 0.701901140684 2635.67896924 0.00497584879967
180.0 0.505703422053 0.705703422053 -6711.23038153 -0.0126700057283
180.0 0.509505703422 0.709505703422 6494.87207016 0.0122615469378
180.0 0.513307984791 0.713307984791 -13193.3898743 -0.0249075528301
180.0 0.51711026616 0.71711026616 -23604.9987816 -0.0445634336444
180.0 0.520912547529 0.720912547529 -42481.8895603 -0.0802007610348
180.0 0.524714828897 0.724714828897 -25670.4605614 -0.048462780127
180.0 0.528517110266 0.728517110266 -72295.4633958 -0.13648524686
180.0 0.532319391635 0.732319391635 -50948.0666422 -0.0961838976618
180.0 0.536121673004 0.736121673004 -30798.4159698 -0.0581437507844
180.0 0.539923954373 0.739923954373 -90643.2761711 -0.171123737829
180.0 0.543726235741 0.743726235741 -73824.3216253 -0.139371549583
180.0 0.54752851711 0.74752851711 -84078.1089447 -0.158729481987
180.0 0.551330798479 0.751330798479 -103242.494599 -0.19490956555
180.0 0.555133079848 0.755133079848 -114676.657171 -0.216495906214
180.0 0.558935361217 0.758935361217 -82313.0395685 -0.155397240678
180.0 0.562737642586 0.762737642586 -116683.131261 -0.220283890945
180.0 0.566539923954 0.766539923954 -141956.080585 -0.267996217076
180.0 0.570342205323 0.770342205323 -116476.822086 -0.21989440373
180.0 0.574144486692 0.774144486692 -157433.258042 -0.297215289571
180.0 0.577946768061 0.777946768061 -144385.39054 -0.272582465692
180.0 0.58174904943 0.78174904943 -165174.595889 -0.311830015826
180.0 0.585551330798 0.785551330798 -164275.801789 -0.310133199333
180.0 0.589353612167 0.789353612167 -182525.681813 -0.344586804902
180.0 0.593155893536 0.793155893536 -190483.84604 -0.359610873606
180.0 0.596958174905 0.796958174905 -192120.800556 -0.362701249277
180.0 0.600760456274 0.800760456274 -217741.81544 -0.411070681838
180.0 0.604562737643 0.804562737643 -226725.989726 -0.428031735655
180.0 0.608365019011 0.808365019011 -268401.90602 -0.506710914904
180.0 0.61216730038 0.81216730038 -242364.069453 -0.457554572519
180.0 0.615969581749 0.815969581749 -309833.173088 -0.584928225479
180.0 0.619771863118 0.819771863118 -289183.906887 -0.545944863833
180.0 0.623574144487 0.823574144487 -332133.557116 -0.627028701443
180.0 0.627376425856 0.827376425856 -393751.396607 -0.743355862774
180.0 0.631178707224 0.831178707224 -369696.026019 -0.697942180659
180.0 0.634980988593 0.834980988593 -445178.898412 -0.840444877071
180.0 0.638783269962 0.838783269962 -413705.036649 -0.781025964867
180.0 0.642585551331 0.842585551331 -455819.841677 -0.860533713909
180.0 0.6463878327 0.8463878327 -424094.382168 -0.800639815047
180.0 0.650190114068 0.850190114068 -412056.326733 -0.777913396396
180.0 0.653992395437 0.853992395437 -424973.482233 -0.802299451541
180.0 0.657794676806 0.857794676806 -367490.948413 -0.693779256081
180.0 0.661596958175 0.861596958175 -380290.720546 -0.717943705374
180.0 0.665399239544 0.865399239544 -324552.337806 -0.612716259966
180.0 0.669201520913 0.869201520913 -303956.681927 -0.573834108239
180.0 0.673003802281 0.873003802281 -266412.026257 -0.502954258292
180.0 0.67680608365 0.87680608365 -231587.906131 -0.437210456277
180.0 0.680608365019 0.880608365019 -208202.348801 -0.393061302025
180.0 0.684410646388 0.884410646388 -168672.281878 -0.31843323148
180.0 0.688212927757 0.888212927757 -152820.301274 -0.288506575169
180.0 0.692015209125 0.892015209125 -121339.535367 -0.22907462876
180.0 0.695817490494 0.895817490494 -101696.968733 -0.191991796309
180.0 0.699619771863 0.899619771863 -81371.0624654 -0.153618899806
180.0 0.703422053232 0.903422053232 -65285.8327936 -0.123251896962
180.0 0.707224334601 0.907224334601 -51719.0309099 -0.097639386616
180.0 0.71102661597 0.91102661597 -39362.2510887 -0.0743112541844
180.0 0.714828897338 0.914828897338 -31932.1829406 -0.0602841681442
180.0 0.718631178707 0.918631178707 -23150.0367404 -0.0437045193558
180.0 0.722433460076 0.922433460076 -17910.0729854 -0.0338120902457
180.0 0.726235741445 0.926235741445 -12957.9032597 -0.0244629820754
180.0 0.730038022814 0.930038022814 -9576.35888832 -0.0180790279984
180.0 0.733840304183 0.933840304183 -6887.79675707 -0.0130033420709
180.0 0.737642585551 0.937642585551 -4891.30620433 -0.00923420507189
180.0 0.74144486692 0.94144486692 -3473.86312542 -0.00655824091802
180.0 0.745247148289 0.945247148289 -2364.61596448 -0.00446411404645
180.0 0.749049429658 0.949049429658 -1673.85016141 -0.00316003026684
180.0 0.752851711027 0.952851711027 -1106.1052483 -0.00208819531372
180.0 0.756653992395 0.956653992395 -759.04367327 -0.00143298428777
180.0 0.760456273764 0.960456273764 -491.129611582 -0.000927194365016
180.0 0.764258555133 0.964258555133 -325.196899582 -0.00061393311603
180.0 0.768060836502 0.968060836502 -206.61215714 -0.00039005920907
180.0 0.771863117871 0.971863117871 -133.605932502 -0.000252232129417
180.0 0.77566539924 0.97566539924 -83.6998146516 -0.000158015307299
180.0 0.779467680608 0.979467680608 -51.7153386549 -9.76324160771e-05
180.0 0.783269961977 0.983269961977 -31.9021016713 -6.02273782811e-05
180.0 0.787072243346 0.987072243346 -19.2242551404 -3.62931100416e-05
180.0 0.790874524715 0.990874524715 -11.6308173995 -2.19576016168e-05
180.0 0.794676806084 0.994676806084 -6.78572717139 -1.2810646818e-05
180.0 0.798479087452 0.998479087452 -4.0692462615 -7.68225355293e-06
180.0 0.802281368821 1.00228136882 -2.29332169446 -4.32951893376e-06
180.0 0.80608365019 1.00608365019 -1.32962726197 -2.51017832319e-06
180.0 0.809885931559 1.00988593156 -0.73965085356 -1.39637294785e-06
180.0 0.813688212928 1.01368821293 -0.41542290771 -7.84269101361e-07
180.0 0.817490494297 1.0174904943 -0.225641841122 -4.25984991877e-07
180.0 0.821292775665 1.02129277567 -0.125045531216 -2.36071108684e-07
180.0 0.825095057034 1.02509505703 -0.0661611178248 -1.24904331125e-07
180.0 0.828897338403 1.0288973384 -0.0352790696003 -6.66026925785e-08
180.0 0.832699619772 1.03269961977 -0.0183995527226 -3.47361698437e-08
180.0 0.836501901141 1.03650190114 -0.00955962019933 -1.8047427342e-08
180.0 0.84030418251 1.04030418251 -0.00487965852946 -9.21221564537e-09
180.0 0.844106463878 1.04410646388 -0.00246563840843 -4.6548324201e-09
180.0 0.847908745247 1.04790874525 -0.00123454206954 -2.33066877513e-09
180.0 0.851711026616 1.05171102662 -0.000605434650762 -1.14298870061e-09
180.0 0.855513307985 1.05551330798 -0.000296897618667 -5.60507435356e-10
180.0 0.859315589354 1.05931558935 -0.000142365013385 -2.68768233625e-10
180.0 0.863117870722 1.06311787072 -6.81779888727e-05 -1.28711944078e-10
180.0 0.866920152091 1.06692015209 -3.17081961194e-05 -5.98613076333e-11
180.0 0.87072243346 1.07072243346 -1.49479387573e-05 -2.82199326972e-11
180.0 0.874524714829 1.07452471483 -6.75531667697e-06 -1.2753235417e-11
180.0 0.878326996198 1.0783269962 -3.11380436027e-06 -5.87849274107e-12
180.0 0.882129277567 1.08212927757 -1.37085298379e-06 -2.58800758875e-12
180.0 0.885931558935 1.08593155894 -6.17540188651e-07 -1.16584251812e-12
180.0 0.889733840304 1.0897338403 -2.6546329567e-07 -5.01163167644e-13
180.0 0.893536121673 1.09353612167 -1.17095239556e-07 -2.21061902452e-13
180.0 0.897338403042 1.09733840304 -4.90394176346e-08 -9.25805950654e-14
180.0 0.901140684411 1.10114068441 -2.10867480612e-08 -3.98092754291e-14
180.0 0.904942965779 1.10494296578 -8.61678996768e-09 -1.62674758641e-14
180.0 0.908745247148 1.10874524715 -3.63137904993e-09 -6.85561227205e-15
180.0 0.912547528517 1.11254752852 -1.44318519678e-09 -2.72456221448e-15
180.0 0.916349809886 1.11634980989 -5.95934590319e-10 -1.12505371501e-15
180.0 0.920152091255 1.12015209125 -2.31315327461e-10 -4.36695860127e-16
180.0 0.923954372624 1.12395437262 -9.25599818723e-11 -1.74742250506e-16
180.0 0.927756653992 1.12775665399 -3.54033625015e-11 -6.68373428111e-17
180.0 0.931558935361 1.13155893536 -1.37434291868e-11 -2.59459617125e-17
180.0 0.93536121673 1.13536121673 -5.15035150873e-12 -9.72325183441e-18
180.0 0.939163498099 1.1391634981 -1.95012823021e-12 -3.68161044146e-18
180.0 0.942965779468 1.14296577947 -7.13092424085e-13 -1.3462337879e-18
180.0 0.946768060837 1.14676806084 -2.64316583526e-13 -4.98998311334e-19
180.0 0.950570342205 1.15057034221 -9.40003007247e-14 -1.77461401403e-19
180.0 0.954372623574 1.15437262357 -3.42650084414e-14 -6.46882655716e-20
180.0 0.958174904943 1.15817490494 -1.18392105653e-14 -2.23510231588e-20
180.0 0.961977186312 1.16197718631 -4.2276064148e-15 -7.98121871064e-21
180.0 0.965779467681 1.16577946768 -1.42188046655e-15 -2.68434141461e-21
180.0 0.969581749049 1.16958174905 -4.96988710603e-16 -9.38255647961e-22
180.0 0.973384030418 1.17338403042 -1.62552316134e-16 -3.0687946315e-22
180.0 0.977186311787 1.17718631179 -5.57448230584e-17 -1.05239603966e-22
180.0 0.980988593156 1.18098859316 -1.77259799635e-17 -3.34645444887e-23
180.0 0.984790874525 1.18479087452 -5.96668811308e-18 -1.12643983702e-23
180.0 0.988593155894 1.18859315589 -1.85297344077e-18 -3.49819374009e-24
180.0 0.992395437262 1.19239543726 -6.05467439091e-19 -1.14305060108e-24
180.0 0.996197718631 1.19619771863 -1.84235223631e-19 -3.47814216776e-25
180.0 1.0 1.2 -5.86402980658e-20 -1.10705916824e-25
180.0 1.00380228137 1.20380228137 -1.74869677358e-20 -3.30133177953e-26
180.0 1.00760456274 1.20760456274 -5.43217573474e-21 -1.0255302495e-26
180.0 1.01140684411 1.21140684411 -1.61488966297e-21 -3.04871984974e-27
180.0 1.01520912548 1.21520912548 -4.87492019533e-22 -9.20327023341e-28
180.0 1.01901140684 1.21901140684 -1.08432662094e-22 -2.04707985237e-28
180.0 1.02281368821 1.22281368821 -7.40043655736e-24 -1.39711451169e-29
180.0 1.02661596958 1.22661596958 -4.23973864034e-25 -8.00412291126e-31
180.0 1.03041825095 1.23041825095 -2.87687512683e-26 -5.43119849333e-32
180.0 1.03422053232 1.23422053232 -1.93136611271e-27 -3.64618979239e-33
180.0 1.03802281369 1.23802281369 -1.37779119723e-28 -2.60110611154e-34
180.0 1.04182509506 1.24182509506 -9.59398143895e-30 -1.81122972806e-35
180.0 1.04562737643 1.24562737643 -6.60664008804e-31 -1.24725516786e-36
180.0 1.04942965779 1.24942965779 -4.66856000257e-32 -8.81368670314e-38
180.0 1.05323193916 1.25323193916 -3.13442580912e-33 -5.91742358685e-39
180.0 1.05703422053 1.25703422053 -2.17088391825e-34 -4.09837095675e-40
180.0 1.0608365019 1.2608365019 -1.45962998282e-35 -2.75560801703e-41
180.0 1.06463878327 1.26463878327 -9.63102582239e-37 -1.8182232676e-42
180.0 1.06844106464 1.26844106464 -6.31085865269e-38 -1.19141514647e-43
180.0 1.07224334601 1.27224334601 -4.27837984641e-39 -8.07707291811e-45
180.0 1.07604562738 1.27604562738 -2.66544087494e-40 -5.03203574219e-46
180.0 1.07984790875 1.27984790875 -1.59604286149e-41 -3.01313932739e-47
180.0 1.08365019011 1.28365019011 -1.02689321066e-42 -1.93865239632e-48
180.0 1.08745247148 1.28745247148 -6.10104697718e-44 -1.1518051945e-49
180.0 1.09125475285 1.29125475285 -3.77806031677e-45 -7.13252907947e-51
180.0 1.09505703422 1.29505703422 -2.17466006645e-46 -4.10549987597e-52
180.0 1.09885931559 1.29885931559 -1.32110995688e-47 -2.49409866295e-53
180.0 1.10266159696 1.30266159696 -7.4884610858e-49 -1.41373249702e-54
180.0 1.10646387833 1.30646387833 -4.19618466868e-50 -7.92189818659e-56
180.0 1.1102661597 1.3102661597 -2.31279351408e-51 -4.36627941612e-57
180.0 1.11406844106 1.31406844106 -1.33091048505e-52 -2.51260089593e-58
180.0 1.11787072243 1.31787072243 -7.06737825302e-54 -1.33423706026e-59
180.0 1.1216730038 1.3216730038 -3.98641576906e-55 -7.5258794227e-61
180.0 1.12547528517 1.32547528517 -2.08405830827e-56 -3.93445451919e-62
180.0 1.12927756654 1.32927756654 -1.04311502516e-57 -1.9692772551e-63
180.0 1.13307984791 1.33307984791 -4.21176691711e-59 -7.9513156206e-65
180.0 1.13688212928 1.33688212928 -4.5365245962e-61 -8.5644195405e-67
180.0 1.14068441065 1.34068441065 0.0 0.0
180.0 1.14448669202 1.34448669202 0.0 0.0
180.0 1.14828897338 1.34828897338 0.0 0.0
180.0 1.15209125475 1.35209125475 0.0 0.0
180.0 1.15589353612 1.35589353612 0.0 0.0
180.0 1.15969581749 1.35969581749 0.0 0.0
180.0 1.16349809886 1.36349809886 0.0 0.0
180.0 1.16730038023 1.36730038023 0.0 0.0
180.0 1.1711026616 1.3711026616 0.0 0.0
180.0 1.17490494297 1.37490494297 0.0 0.0
180.0 1.17870722433 1.37870722433 0.0 0.0
180.0 1.1825095057 1.3825095057 0.0 0.0
180.0 1.18631178707 1.38631178707 0.0 0.0
180.0 1.19011406844 1.39011406844 0.0 0.0
180.0 1.19391634981 1.39391634981 0.0 0.0
180.0 1.19771863118 1.39771863118 0.0 0.0
180.0 1.20152091255 1.40152091255 0.0 0.0
180.0 1.20532319392 1.40532319392 0.0 0.0
180.0 1.20912547529 1.40912547529 0.0 0.0
180.0 1.21292775665 1.41292775665 0.0 0.0
180.0 1.21673003802 1.41673003802 0.0 0.0
180.0 1.22053231939 1.42053231939 0.0 0.0
180.0 1.22433460076 1.42433460076 0.0 0.0
180.0 1.22813688213 1.42813688213 0.0 0.0
180.0 1.2319391635 1.4319391635 0.0 0.0
180.0 1.23574144487 1.43574144487 0.0 0.0
180.0 1.23954372624 1.43954372624 0.0 0.0
180.0 1.2433460076 1.4433460076 0.0 0.0
180.0 1.24714828897 1.44714828897 0.0 0.0
180.0 1.25095057034 1.45095057034 0.0 0.0
180.0 1.25475285171 1.45475285171 0.0 0.0
180.0 1.25855513308 1.45855513308 0.0 0.0
180.0 1.26235741445 1.46235741445 0.0 0.0
180.0 1.26615969582 1.46615969582 0.0 0.0
180.0 1.26996197719 1.46996197719 0.0 0.0
180.0 1.27376425856 1.47376425856 0.0 0.0
180.0 1.27756653992 1.47756653992 0.0 0.0
180.0 1.28136882129 1.48136882129 0.0 0.0
180.0 1.28517110266 1.48517110266 0.0 0.0
180.0 1.28897338403 1.48897338403 0.0 0.0
180.0 1.2927756654 1.4927756654 0.0 0.0
180.0 1.29657794677 1.49657794677 0.0 0.0
180.0 1.30038022814 1.50038022814 0.0 0.0
180.0 1.30418250951 1.50418250951 0.0 0.0
180.0 1.30798479087 1.50798479087 0.0 0.0
180.0 1.31178707224 1.51178707224 0.0 0.0
180.0 1.31558935361 1.51558935361 0.0 0.0
180.0 1.31939163498 1.51939163498 0.0 0.0
180.0 1.32319391635 1.52319391635 0.0 0.0
180.0 1.32699619772 1.52699619772 0.0 0.0
180.0 1.33079847909 1.53079847909 0.0 0.0
180.0 1.33460076046 1.53460076046 0.0 0.0
180.0 1.33840304183 1.53840304183 0.0 0.0
180.0 1.34220532319 1.54220532319 0.0 0.0
180.0 1.34600760456 1.54600760456 0.0 0.0
180.0 1.34980988593 1.54980988593 0.0 0.0
180.0 1.3536121673 1.5536121673 0.0 0.0
180.0 1.35741444867 1.55741444867 0.0 0.0
180.0 1.36121673004 1.56121673004 0.0 0.0
180.0 1.36501901141 1.56501901141 0.0 0.0
180.0 1.36882129278 1.56882129278 0.0 0.0
180.0 1.37262357414 1.57262357414 0.0 0.0
180.0 1.37642585551 1.57642585551 0.0 0.0
180.0 1.38022813688 1.58022813688 0.0 0.0
180.0 1.38403041825 1.58403041825 0.0 0.0
180.0 1.38783269962 1.58783269962 0.0 0.0
180.0 1.39163498099 1.59163498099 0.0 0.0
180.0 1.39543726236 1.59543726236 0.0 0.0
180.0 1.39923954373 1.59923954373 0.0 0.0
180.0 1.4030418251 1.6030418251 0.0 0.0
180.0 1.40684410646 1.60684410646 0.0 0.0
180.0 1.41064638783 1.61064638783 0.0 0.0
180.0 1.4144486692 1.6144486692 0.0 0.0
180.0 1.41825095057 1.61825095057 0.0 0.0
180.0 1.42205323194 1.62205323194 0.0 0.0
180.0 1.42585551331 1.62585551331 0.0 0.0
180.0 1.42965779468 1.62965779468 0.0 0.0
180.0 1.43346007605 1.63346007605 0.0 0.0
180.0 1.43726235741 1.63726235741 0.0 0.0
180.0 1.44106463878 1.64106463878 0.0 0.0
180.0 1.44486692015 1.64486692015 0.0 0.0
180.0 1.44866920152 1.64866920152 0.0 0.0
180.0 1.45247148289 1.65247148289 0.0 0.0
180.0 1.45627376426 1.65627376426 0.0 0.0
180.0 1.46007604563 1.66007604563 0.0 0.0
180.0 1.463878327 1.663878327 0.0 0.0
180.0 1.46768060837 1.66768060837 0.0 0.0
180.0 1.47148288973 1.67148288973 0.0 0.0
180.0 1.4752851711 1.6752851711 0.0 0.0
180.0 1.47908745247 1.67908745247 0.0 0.0
180.0 1.48288973384 1.68288973384 0.0 0.0
180.0 1.48669201521 1.68669201521 0.0 0.0
180.0 1.49049429658 1.69049429658 0.0 0.0
180.0 1.49429657795 1.69429657795 0.0 0.0
180.0 1.49809885932 1.69809885932 0.0 0.0
180.0 1.50190114068 1.70190114068 0.0 0.0
180.0 1.50570342205 1.70570342205 0.0 0.0
180.0 1.50950570342 1.70950570342 0.0 0.0
180.0 1.51330798479 1.71330798479 0.0 0.0
180.0 1.51711026616 1.71711026616 0.0 0.0
180.0 1.52091254753 1.72091254753 0.0 0.0
180.0 1.5247148289 1.7247148289 0.0 0.0
180.0 1.52851711027 1.72851711027 0.0 0.0
180.0 1.53231939163 1.73231939163 0.0 0.0
180.0 1.536121673 1.736121673 0.0 0.0
180.0 1.53992395437 1.73992395437 0.0 0.0
180.0 1.54372623574 1.74372623574 0.0 0.0
180.0 1.54752851711 1.74752851711 0.0 0.0
180.0 1.55133079848 1.75133079848 0.0 0.0
180.0 1.55513307985 1.75513307985 0.0 0.0
180.0 1.55893536122 1.75893536122 0.0 0.0
180.0 1.56273764259 1.76273764259 0.0 0.0
180.0 1.56653992395 1.76653992395 0.0 0.0
180.0 1.57034220532 1.77034220532 0.0 0.0
180.0 1.57414448669 1.77414448669 0.0 0.0
180.0 1.57794676806 1.77794676806 0.0 0.0
180.0 1.58174904943 1.78174904943 0.0 0.0
180.0 1.5855513308 1.7855513308 0.0 0.0
180.0 1.58935361217 1.78935361217 0.0 0.0
180.0 1.59315589354 1.79315589354 0.0 0.0
180.0 1.5969581749 1.7969581749 0.0 0.0
180.0 1.60076045627 1.80076045627 0.0 0.0
180.0 1.60456273764 1.80456273764 0.0 0.0
180.0 1.60836501901 1.80836501901 0.0 0.0
180.0 1.61216730038 1.81216730038 0.0 0.0
180.0 1.61596958175 1.81596958175 0.0 0.0
180.0 1.61977186312 1.81977186312 0.0 0.0
180.0 1.62357414449 1.82357414449 0.0 0.0
180.0 1.62737642586 1.82737642586 0.0 0.0
180.0 1.63117870722 1.83117870722 0.0 0.0
180.0 1.63498098859 1.83498098859 0.0 0.0
180.0 1.63878326996 1.83878326996 0.0 0.0
180.0 1.64258555133 1.84258555133 0.0 0.0
180.0 1.6463878327 1.8463878327 0.0 0.0
180.0 1.65019011407 1.85019011407 0.0 0.0
180.0 1.65399239544 1.85399239544 0.0 0.0
180.0 1.65779467681 1.85779467681 0.0 0.0
180.0 1.66159695817 1.86159695817 0.0 0.0
180.0 1.66539923954 1.86539923954 0.0 0.0
180.0 1.66920152091 1.86920152091 0.0 0.0
180.0 1.67300380228 1.87300380228 0.0 0.0
180.0 1.67680608365 1.87680608365 0.0 0.0
180.0 1.68060836502 1.88060836502 0.0 0.0
180.0 1.68441064639 1.88441064639 0.0 0.0
180.0 1.68821292776 1.88821292776 0.0 0.0
180.0 1.69201520913 1.89201520913 0.0 0.0
180.0 1.69581749049 1.89581749049 0.0 0.0
180.0 1.69961977186 1.89961977186 0.0 0.0
180.0 1.70342205323 1.90342205323 0.0 0.0
180.0 1.7072243346 1.9072243346 0.0 0.0
180.0 1.71102661597 1.91102661597 0.0 0.0
180.0 1.71482889734 1.91482889734 0.0 0.0
180.0 1.71863117871 1.91863117871 0.0 0.0
180.0 1.72243346008 1.92243346008 0.0 0.0
180.0 1.72623574144 1.92623574144 0.0 0.0
180.0 1.73003802281 1.93003802281 0.0 0.0
180.0 1.73384030418 1.93384030418 0.0 0.0
180.0 1.73764258555 1.93764258555 0.0 0.0
180.0 1.74144486692 1.94144486692 0.0 0.0
180.0 1.74524714829 1.94524714829 0.0 0.0
180.0 1.74904942966 1.94904942966 0.0 0.0
180.0 1.75285171103 1.95285171103 0.0 0.0
180.0 1.7566539924 1.9566539924 0.0 0.0
180.0 1.76045627376 1.96045627376 0.0 0.0
180.0 1.76425855513 1.96425855513 0.0 0.0
180.0 1.7680608365 1.9680608365 0.0 0.0
180.0 1.77186311787 1.97186311787 0.0 0.0
180.0 1.77566539924 1.97566539924 0.0 0.0
180.0 1.77946768061 1.97946768061 0.0 0.0
180.0 1.78326996198 1.98326996198 0.0 0.0
180.0 1.78707224335 1.98707224335 0.0 0.0
180.0 1.79087452471 1.99087452471 0.0 0.0
180.0 1.79467680608 1.99467680608 0.0 0.0
180.0 1.79847908745 1.99847908745 0.0 0.0
180.0 1.80228136882 2.00228136882 0.0 0.0
180.0 1.80608365019 2.00608365019 0.0 0.0
180.0 1.80988593156 2.00988593156 0.0 0.0
180.0 1.81368821293 2.01368821293 0.0 0.0
180.0 1.8174904943 2.0174904943 0.0 0.0
180.0 1.82129277567 2.02129277567 0.0 0.0
180.0 1.82509505703 2.02509505703 0.0 0.0
180.0 1.8288973384 2.0288973384 0.0 0.0
180.0 1.83269961977 2.03269961977 0.0 0.0
180.0 1.83650190114 2.03650190114 0.0 0.0
180.0 1.84030418251 2.04030418251 0.0 0.0
180.0 1.84410646388 2.04410646388 0.0 0.0
180.0 1.84790874525 2.04790874525 0.0 0.0
180.0 1.85171102662 2.05171102662 0.0 0.0
180.0 1.85551330798 2.05551330798 0.0 0.0
180.0 1.85931558935 2.05931558935 0.0 0.0
180.0 1.86311787072 2.06311787072 0.0 0.0
180.0 1.86692015209 2.06692015209 0.0 0.0
180.0 1.87072243346 2.07072243346 0.0 0.0
180.0 1.87452471483 2.07452471483 0.0 0.0
180.0 1.8783269962 2.0783269962 0.0 0.0
180.0 1.88212927757 2.08212927757 0.0 0.0
180.0 1.88593155894 2.08593155894 0.0 0.0
180.0 1.8897338403 2.0897338403 0.0 0.0
180.0 1.89353612167 2.09353612167 0.0 0.0
180.0 1.89733840304 2.09733840304 0.0 0.0
180.0 1.90114068441 2.10114068441 0.0 0.0
180.0 1.90494296578 2.10494296578 0.0 0.0
180.0 1.90874524715 2.10874524715 0.0 0.0
180.0 1.91254752852 2.11254752852 0.0 0.0
180.0 1.91634980989 2.11634980989 0.0 0.0
180.0 1.92015209125 2.12015209125 0.0 0.0
180.0 1.92395437262 2.12395437262 0.0 0.0
180.0 1.92775665399 2.12775665399 0.0 0.0
180.0 1.93155893536 2.13155893536 0.0 0.0
180.0 1.93536121673 2.13536121673 0.0 0.0
180.0 1.9391634981 2.1391634981 0.0 0.0
180.0 1.94296577947 2.14296577947 0.0 0.0
180.0 1.94676806084 2.14676806084 0.0 0.0
180.0 1.95057034221 2.15057034221 0.0 0.0
180.0 1.95437262357 2.15437262357 0.0 0.0
180.0 1.95817490494 2.15817490494 0.0 0.0
180.0 1.96197718631 2.16197718631 0.0 0.0
180.0 1.96577946768 2.16577946768 0.0 0.0
180.0 1.96958174905 2.16958174905 0.0 0.0
180.0 1.97338403042 2.17338403042 0.0 0.0
180.0 1.97718631179 2.17718631179 0.0 0.0
180.0 1.98098859316 2.18098859316 0.0 0.0
180.0 1.98479087452 2.18479087452 0.0 0.0
180.0 1.98859315589 2.18859315589 0.0 0.0
180.0 1.99239543726 2.19239543726 0.0 0.0
180.0 1.99619771863 2.19619771863 0.0 0.0
180.0 2.0 2.2 0.0 0.0
180.0 2.00380228137 2.20380228137 0.0 0.0
180.0 2.00760456274 2.20760456274 0.0 0.0
180.0 2.01140684411 2.21140684411 0.0 0.0
180.0 2.01520912548 2.21520912548 0.0 0.0
180.0 2.01901140684 2.21901140684 0.0 0.0
180.0 2.02281368821 2.22281368821 0.0 0.0
180.0 2.02661596958 2.22661596958 0.0 0.0
180.0 2.03041825095 2.23041825095 0.0 0.0
180.0 2.03422053232 2.23422053232 0.0 0.0
180.0 2.03802281369 2.23802281369 0.0 0.0
180.0 2.04182509506 2.24182509506 0.0 0.0
180.0 2.04562737643 2.24562737643 0.0 0.0
180.0 2.04942965779 2.24942965779 0.0 0.0
180.0 2.05323193916 2.25323193916 0.0 0.0
180.0 2.05703422053 2.25703422053 0.0 0.0
180.0 2.0608365019 2.2608365019 0.0 0.0
180.0 2.06463878327 2.26463878327 0.0 0.0
180.0 2.06844106464 2.26844106464 0.0 0.0
180.0 2.07224334601 2.27224334601 0.0 0.0
180.0 2.07604562738 2.27604562738 0.0 0.0
180.0 2.07984790875 2.27984790875 0.0 0.0
180.0 2.08365019011 2.28365019011 0.0 0.0
180.0 2.08745247148 2.28745247148 0.0 0.0
180.0 2.09125475285 2.29125475285 0.0 0.0
180.0 2.09505703422 2.29505703422 0.0 0.0
180.0 2.09885931559 2.29885931559 0.0 0.0
180.0 2.10266159696 2.30266159696 0.0 0.0
180.0 2.10646387833 2.30646387833 0.0 0.0
180.0 2.1102661597 2.3102661597 0.0 0.0
180.0 2.11406844106 2.31406844106 0.0 0.0
180.0 2.11787072243 2.31787072243 0.0 0.0
180.0 2.1216730038 2.3216730038 0.0 0.0
180.0 2.12547528517 2.32547528517 0.0 0.0
180.0 2.12927756654 2.32927756654 0.0 0.0
180.0 2.13307984791 2.33307984791 0.0 0.0
180.0 2.13688212928 2.33688212928 0.0 0.0
180.0 2.14068441065 2.34068441065 0.0 0.0
180.0 2.14448669202 2.34448669202 0.0 0.0
180.0 2.14828897338 2.34828897338 0.0 0.0
180.0 2.15209125475 2.35209125475 0.0 0.0
180.0 2.15589353612 2.35589353612 0.0 0.0
180.0 2.15969581749 2.35969581749 0.0 0.0
180.0 2.16349809886 2.36349809886 0.0 0.0
180.0 2.16730038023 2.36730038023 0.0 0.0
180.0 2.1711026616 2.3711026616 0.0 0.0
180.0 2.17490494297 2.37490494297 0.0 0.0
180.0 2.17870722433 2.37870722433 0.0 0.0
180.0 2.1825095057 2.3825095057 0.0 0.0
180.0 2.18631178707 2.38631178707 0.0 0.0
180.0 2.19011406844 2.39011406844 0.0 0.0
180.0 2.19391634981 2.39391634981 0.0 0.0
180.0 2.19771863118 2.39771863118 0.0 0.0
180.0 2.20152091255 2.40152091255 0.0 0.0
180.0 2.20532319392 2.40532319392 0.0 0.0
180.0 2.20912547529 2.40912547529 0.0 0.0
180.0 2.21292775665 2.41292775665 0.0 0.0
180.0 2.21673003802 2.41673003802 0.0 0.0
180.0 2.22053231939 2.42053231939 0.0 0.0
180.0 2.22433460076 2.42433460076 0.0 0.0
180.0 2.22813688213 2.42813688213 0.0 0.0
180.0 2.2319391635 2.4319391635 0.0 0.0
180.0 2.23574144487 2.43574144487 0.0 0.0
180.0 2.23954372624 2.43954372624 0.0 0.0
180.0 2.2433460076 2.4433460076 0.0 0.0
180.0 2.24714828897 2.44714828897 0.0 0.0
180.0 2.25095057034 2.45095057034 0.0 0.0
180.0 2.25475285171 2.45475285171 0.0 0.0
180.0 2.25855513308 2.45855513308 0.0 0.0
180.0 2.26235741445 2.46235741445 0.0 0.0
180.0 2.26615969582 2.46615969582 0.0 0.0
180.0 2.26996197719 2.46996197719 0.0 0.0
180.0 2.27376425856 2.47376425856 0.0 0.0
180.0 2.27756653992 2.47756653992 0.0 0.0
180.0 2.28136882129 2.48136882129 0.0 0.0
180.0 2.28517110266 2.48517110266 0.0 0.0
180.0 2.28897338403 2.48897338403 0.0 0.0

# phi, xD, zD =  270.0 0.5 0.7001
# D =  2.22259259259
# (t in s) (c0 tau in cm) (p(tau) in au)
270.0 0.0 0.7001 0.0 0.0
270.0 0.00380228136882 0.703902281369 0.0 0.0
270.0 0.00760456273764 0.707704562738 0.0 0.0
270.0 0.0114068441065 0.711506844106 0.0 0.0
270.0 0.0152091254753 0.715309125475 0.0 0.0
270.0 0.0190114068441 0.719111406844 0.0 0.0
270.0 0.0228136882129 0.722913688213 0.0 0.0
270.0 0.0266159695817 0.726715969582 0.0 0.0
270.0 0.0304182509506 0.730518250951 0.0 0.0
270.0 0.0342205323194 0.734320532319 0.0 0.0
270.0 0.0380228136882 0.738122813688 0.0 0.0
270.0 0.041825095057 0.741925095057 0.0 0.0
270.0 0.0456273764259 0.745727376426 0.0 0.0
270.0 0.0494296577947 0.749529657795 0.0 0.0
270.0 0.0532319391635 0.753331939163 0.0 0.0
270.0 0.0570342205323 0.757134220532 0.0 0.0
270.0 0.0608365019011 0.760936501901 0.0 0.0
270.0 0.06463878327 0.76473878327 0.0 0.0
270.0 0.0684410646388 0.768541064639 0.0 0.0
270.0 0.0722433460076 0.772343346008 0.0 0.0
270.0 0.0760456273764 0.776145627376 0.0 0.0
270.0 0.0798479087452 0.779947908745 0.0 0.0
270.0 0.0836501901141 0.783750190114 0.0 0.0
270.0 0.0874524714829 0.787552471483 0.0 0.0
270.0 0.0912547528517 0.791354752852 0.0 0.0
270.0 0.0950570342205 0.795157034221 0.0 0.0
270.0 0.0988593155894 0.798959315589 0.0 0.0
270.0 0.102661596958 0.802761596958 0.0 0.0
270.0 0.106463878327 0.806563878327 0.0 0.0
270.0 0.110266159696 0.810366159696 0.0 0.0
270.0 0.114068441065 0.814168441065 0.0 0.0
270.0 0.117870722433 0.817970722433 0.0 0.0
270.0 0.121673003802 0.821773003802 0.0 0.0
270.0 0.125475285171 0.825575285171 0.0 0.0
270.0 0.12927756654 0.82937756654 0.0 0.0
270.0 0.133079847909 0.833179847909 0.0 0.0
270.0 0.136882129278 0.836982129278 0.0 0.0
270.0 0.140684410646 0.840784410646 0.0 0.0
270.0 0.144486692015 0.844586692015 0.0 0.0
270.0 0.148288973384 0.848388973384 0.0 0.0
270.0 0.152091254753 0.852191254753 0.0 0.0
270.0 0.155893536122 0.855993536122 0.0 0.0
270.0 0.15969581749 0.85979581749 0.0 0.0
270.0 0.163498098859 0.863598098859 0.0 0.0
270.0 0.167300380228 0.867400380228 0.0 0.0
270.0 0.171102661597 0.871202661597 0.0 0.0
270.0 0.174904942966 0.875004942966 0.0 0.0
270.0 0.178707224335 0.878807224335 0.0 0.0
270.0 0.182509505703 0.882609505703 0.0 0.0
270.0 0.186311787072 0.886411787072 0.0 0.0
270.0 0.190114068441 0.890214068441 0.0 0.0
270.0 0.19391634981 0.89401634981 0.0 0.0
270.0 0.197718631179 0.897818631179 0.0 0.0
270.0 0.201520912548 0.901620912548 0.0 0.0
270.0 0.205323193916 0.905423193916 0.0 0.0
270.0 0.209125475285 0.909225475285 0.0 0.0
270.0 0.212927756654 0.913027756654 0.0 0.0
270.0 0.216730038023 0.916830038023 0.0 0.0
270.0 0.220532319392 0.920632319392 0.0 0.0
270.0 0.22433460076 0.92443460076 0.0 0.0
270.0 0.228136882129 0.928236882129 0.0 0.0
270.0 0.231939163498 0.932039163498 0.0 0.0
270.0 0.235741444867 0.935841444867 0.0 0.0
270.0 0.239543726236 0.939643726236 0.0 0.0
270.0 0.243346007605 0.943446007605 0.0 0.0
270.0 0.247148288973 0.947248288973 0.0 0.0
270.0 0.250950570342 0.951050570342 0.0 0.0
270.0 0.254752851711 0.954852851711 0.0 0.0
270.0 0.25855513308 0.95865513308 0.0 0.0
270.0 0.262357414449 0.962457414449 0.0 0.0
270.0 0.266159695817 0.966259695817 0.0 0.0
270.0 0.269961977186 0.970061977186 0.0 0.0
270.0 0.273764258555 0.973864258555 0.0 0.0
270.0 0.277566539924 0.977666539924 0.0 0.0
270.0 0.281368821293 0.981468821293 0.0 0.0
270.0 0.285171102662 0.985271102662 0.0 0.0
270.0 0.28897338403 0.98907338403 0.0 0.0
270.0 0.292775665399 0.992875665399 0.0 0.0
270.0 0.296577946768 0.996677946768 0.0 0.0
270.0 0.300380228137 1.00048022814 0.0 0.0
270.0 0.304182509506 1.00428250951 0.0 0.0
270.0 0.307984790875 1.00808479087 0.0 0.0
270.0 0.311787072243 1.01188707224 0.0 0.0
270.0 0.315589353612 1.01568935361 0.0 0.0
270.0 0.319391634981 1.01949163498 0.0 0.0
270.0 0.32319391635 1.02329391635 0.0 0.0
270.0 0.326996197719 1.02709619772 0.0 0.0
270.0 0.330798479087 1.03089847909 0.0 0.0
270.0 0.334600760456 1.03470076046 0.0 0.0
270.0 0.338403041825 1.03850304183 0.0 0.0
270.0 0.342205323194 1.04230532319 0.0 0.0
270.0 0.346007604563 1.04610760456 0.0 0.0
270.0 0.349809885932 1.04990988593 0.0 0.0
270.0 0.3536121673 1.0537121673 0.0 0.0
270.0 0.357414448669 1.05751444867 0.0 0.0
270.0 0.361216730038 1.06131673004 0.0 0.0
270.0 0.365019011407 1.06511901141 0.0 0.0
270.0 0.368821292776 1.06892129278 0.0 0.0
270.0 0.372623574144 1.07272357414 0.0 0.0
270.0 0.376425855513 1.07652585551 0.0 0.0
270.0 0.380228136882 1.08032813688 0.0 0.0
270.0 0.384030418251 1.08413041825 0.0 0.0
270.0 0.38783269962 1.08793269962 0.0 0.0
270.0 0.391634980989 1.09173498099 0.0 0.0
270.0 0.395437262357 1.09553726236 0.0 0.0
270.0 0.399239543726 1.09933954373 0.0 0.0
270.0 0.403041825095 1.1031418251 0.0 0.0
270.0 0.406844106464 1.10694410646 0.0 0.0
270.0 0.410646387833 1.11074638783 0.0 0.0
270.0 0.414448669202 1.1145486692 0.0 0.0
270.0 0.41825095057 1.11835095057 0.0 0.0
270.0 0.422053231939 1.12215323194 0.0 0.0
270.0 0.425855513308 1.12595551331 0.0 0.0
270.0 0.429657794677 1.12975779468 0.0 0.0
270.0 0.433460076046 1.13356007605 0.0 0.0
270.0 0.437262357414 1.13736235741 0.0 0.0
270.0 0.441064638783 1.14116463878 0.0 0.0
270.0 0.444866920152 1.14496692015 0.0 0.0
270.0 0.448669201521 1.14876920152 0.0 0.0
270.0 0.45247148289 1.15257148289 0.0 0.0
270.0 0.456273764259 1.15637376426 0.0 0.0
270.0 0.460076045627 1.16017604563 0.0 0.0
270.0 0.463878326996 1.163978327 0.0 0.0
270.0 0.467680608365 1.16778060837 0.0 0.0
270.0 0.471482889734 1.17158288973 0.0 0.0
270.0 0.475285171103 1.1753851711 0.0 0.0
270.0 0.479087452471 1.17918745247 0.0 0.0
270.0 0.48288973384 1.18298973384 0.0 0.0
270.0 0.486692015209 1.18679201521 0.0 0.0
270.0 0.490494296578 1.19059429658 0.0 0.0
270.0 0.494296577947 1.19439657795 0.0 0.0
270.0 0.498098859316 1.19819885932 0.0 0.0
270.0 0.501901140684 1.20200114068 0.0 0.0
270.0 0.505703422053 1.20580342205 0.0 0.0
270.0 0.509505703422 1.20960570342 0.0 0.0
270.0 0.513307984791 1.21340798479 0.0 0.0
270.0 0.51711026616 1.21721026616 0.0 0.0
270.0 0.520912547529 1.22101254753 0.0 0.0
270.0 0.524714828897 1.2248148289 0.0 0.0
270.0 0.528517110266 1.22861711027 0.0 0.0
270.0 0.532319391635 1.23241939163 0.0 0.0
270.0 0.536121673004 1.236221673 0.0 0.0
270.0 0.539923954373 1.24002395437 0.0 0.0
270.0 0.543726235741 1.24382623574 0.0 0.0
270.0 0.54752851711 1.24762851711 0.0 0.0
270.0 0.551330798479 1.25143079848 0.0 0.0
270.0 0.555133079848 1.25523307985 0.0 0.0
270.0 0.558935361217 1.25903536122 0.0 0.0
270.0 0.562737642586 1.26283764259 0.0 0.0
270.0 0.566539923954 1.26663992395 0.0 0.0
270.0 0.570342205323 1.27044220532 0.0 0.0
270.0 0.574144486692 1.27424448669 0.0 0.0
270.0 0.577946768061 1.27804676806 0.0 0.0
270.0 0.58174904943 1.28184904943 0.0 0.0
270.0 0.585551330798 1.2856513308 0.0 0.0
270.0 0.589353612167 1.28945361217 0.0 0.0
270.0 0.593155893536 1.29325589354 0.0 0.0
270.0 0.596958174905 1.2970581749 488360.220574 0.163545403421
270.0 0.600760456274 1.30086045627 1096200.10034 0.367102970488
270.0 0.604562737643 1.30466273764 1259179.54343 0.421682638624
270.0 0.608365019011 1.30846501901 1249989.06704 0.418604869169
270.0 0.61216730038 1.31226730038 1095162.82502 0.366755600649
270.0 0.615969581749 1.31606958175 903275.654286 0.302495115403
270.0 0.619771863118 1.31987186312 772640.810707 0.258747227483
270.0 0.623574144487 1.32367414449 733220.032088 0.245545728117
270.0 0.627376425856 1.32747642586 731976.651111 0.24512933621
270.0 0.631178707224 1.33127870722 762633.33925 0.255395857147
270.0 0.634980988593 1.33508098859 828545.852566 0.277469089418
270.0 0.638783269962 1.33888326996 901294.761146 0.30183174039
270.0 0.642585551331 1.34268555133 975715.830379 0.326754375932
270.0 0.6463878327 1.3464878327 1063248.28931 0.356067843134
270.0 0.650190114068 1.35029011407 1158353.62027 0.387917365399
270.0 0.653992395437 1.35409239544 1265559.15513 0.423819086525
270.0 0.657794676806 1.35789467681 1390982.93948 0.465821859367
270.0 0.661596958175 1.36169695817 1491377.2579 0.499442593849
270.0 0.665399239544 1.36549923954 1643468.63734 0.550375992927
270.0 0.669201520913 1.36930152091 1815102.13902 0.607853791259
270.0 0.673003802281 1.37310380228 1953984.2193 0.654363570089
270.0 0.67680608365 1.37690608365 2122883.25496 0.710925631781
270.0 0.680608365019 1.38070836502 2303386.80396 0.771373892094
270.0 0.684410646388 1.38451064639 2544285.6203 0.852047731696
270.0 0.688212927757 1.38831292776 2806886.9541 0.93998945845
270.0 0.692015209125 1.39211520913 2986083.43835 1.0
270.0 0.695817490494 1.39591749049 -1964806.55188 -0.65798782668
270.0 0.699619771863 1.39971977186 -8121487.77278 -2.71977924946
270.0 0.703422053232 1.40352205323 -9248614.08091 -3.09723899946
270.0 0.707224334601 1.4073243346 -7854758.30111 -2.63045506373
270.0 0.71102661597 1.41112661597 -4967030.57345 -1.66339309534
270.0 0.714828897338 1.41492889734 -2498393.89109 -0.836679196236
270.0 0.718631178707 1.41873117871 -1072368.33688 -0.359122026903
270.0 0.722433460076 1.42253346008 -411314.216404 -0.137743711754
270.0 0.726235741445 1.42633574144 -141337.537315 -0.0473320790372
270.0 0.730038022814 1.43013802281 -45152.5066436 -0.0151209795626
270.0 0.733840304183 1.43394030418 -13413.2299448 -0.00449191398089
270.0 0.737642585551 1.43774258555 -3775.85854124 -0.00126448527618
270.0 0.74144486692 1.44154486692 -1008.93579743 -0.000337879305205
270.0 0.745247148289 1.44534714829 -254.302254214 -8.51624743462e-05
270.0 0.749049429658 1.44914942966 -62.2342457689 -2.08414289332e-05
270.0 0.752851711027 1.45295171103 -14.5107192851 -4.85944870086e-06
270.0 0.756653992395 1.4567539924 -3.27119978981 -1.09548170952e-06
270.0 0.760456273764 1.46055627376 -0.717443376652 -2.40262334079e-07
270.0 0.764258555133 1.46435855513 -0.150223615253 -5.03079094587e-08
270.0 0.768060836502 1.4681608365 -0.0308863665101 -1.03434371972e-08
270.0 0.771863117871 1.47196311787 -0.00615935112738 -2.06268553929e-09
270.0 0.77566539924 1.47576539924 -0.00119619859792 -4.00591149784e-10
270.0 0.779467680608 1.47956768061 -0.000223855229742 -7.4966167009e-11
270.0 0.783269961977 1.48336996198 -4.13996707022e-05 -1.38642042518e-11
270.0 0.787072243346 1.48717224335 -7.45177208148e-06 -2.49550028837e-12
270.0 0.790874524715 1.49097452471 -1.300814375e-06 -4.35625595152e-13
270.0 0.794676806084 1.49477680608 -2.22878487485e-07 -7.46390688963e-14
270.0 0.798479087452 1.49857908745 -3.76195159957e-08 -1.25982802465e-14
270.0 0.802281368821 1.50238136882 -6.15161851036e-09 -2.06009598773e-15
270.0 0.80608365019 1.50618365019 -9.89114607556e-10 -3.31241449871e-16
270.0 0.809885931559 1.50998593156 -1.56821210092e-10 -5.25173570429e-17
270.0 0.813688212928 1.51378821293 -2.40994629539e-11 -8.07059261786e-18
270.0 0.817490494297 1.5175904943 -3.67736120901e-12 -1.23149981738e-18
270.0 0.821292775665 1.52139277567 -5.4954097588e-13 -1.84034032279e-19
270.0 0.825095057034 1.52519505703 -8.0321271258e-14 -2.68985354617e-20
270.0 0.828897338403 1.5289973384 -1.14820557745e-14 -3.84518919567e-21
270.0 0.832699619772 1.53279961977 -1.62590618076e-15 -5.44494557614e-22
270.0 0.836501901141 1.53660190114 -2.24689158762e-16 -7.52454388502e-23
270.0 0.84030418251 1.54040418251 -3.06096347065e-17 -1.02507633623e-23
270.0 0.844106463878 1.54420646388 -4.09850333965e-18 -1.37253476812e-24
270.0 0.847908745247 1.54800874525 -5.33978242868e-19 -1.78822278042e-25
270.0 0.851711026616 1.55181102662 -6.96887857283e-20 -2.33378561474e-26
270.0 0.855513307985 1.55561330798 -8.85096967188e-21 -2.96407312609e-27
270.0 0.859315589354 1.55941558935 -1.0549703811e-21 -3.53295680742e-28
270.0 0.863117870722 1.56321787072 -1.1021462441e-22 -3.69094255688e-29
270.0 0.866920152091 1.56702015209 -1.18994405069e-23 -3.98496584324e-30
270.0 0.87072243346 1.57082243346 -1.2993570128e-24 -4.35137543752e-31
270.0 0.874524714829 1.57462471483 -1.40837523542e-25 -4.71646310125e-32
270.0 0.878326996198 1.5784269962 -1.5221254033e-26 -5.09739742618e-33
270.0 0.882129277567 1.58222927757 -1.59065520431e-27 -5.32689470054e-34
270.0 0.885931558935 1.58603155894 -1.68310903287e-28 -5.63651039102e-35
270.0 0.889733840304 1.5898338403 -1.72665710554e-29 -5.78234714866e-36
270.0 0.893536121673 1.59363612167 -1.79142800435e-30 -5.99925635482e-37
270.0 0.897338403042 1.59743840304 -1.78741860797e-31 -5.98582941458e-38
270.0 0.901140684411 1.60124068441 -1.75619315462e-32 -5.88125948547e-39
270.0 0.904942965779 1.60504296578 -1.72198434695e-33 -5.76669869582e-40
270.0 0.908745247148 1.60884524715 -1.66042993227e-34 -5.56056107122e-41
270.0 0.912547528517 1.61264752852 -1.56639782104e-35 -5.24565992004e-42
270.0 0.916349809886 1.61644980989 -1.45528207452e-36 -4.87354792511e-43
270.0 0.920152091255 1.62025209125 -1.33692315449e-37 -4.47717949645e-44
270.0 0.923954372624 1.62405437262 -1.20704145761e-38 -4.04222280632e-45
270.0 0.927756653992 1.62785665399 -1.08050573773e-39 -3.61847135234e-46
270.0 0.931558935361 1.63165893536 -9.32444817536e-41 -3.12263483854e-47
270.0 0.93536121673 1.63546121673 -8.07791136737e-42 -2.70518608544e-48
270.0 0.939163498099 1.6392634981 -6.86945044426e-43 -2.30048844451e-49
270.0 0.942965779468 1.64306577947 -5.55285618671e-44 -1.8595783746e-50
270.0 0.946768060837 1.64686806084 -4.51760468606e-45 -1.51288628712e-51
270.0 0.950570342205 1.65067034221 -3.60440573472e-46 -1.20706799028e-52
270.0 0.954372623574 1.65447262357 -2.86599388477e-47 -9.5978359076e-54
270.0 0.958174904943 1.65827490494 -2.19673044671e-48 -7.35656083316e-55
270.0 0.961977186312 1.66207718631 -1.65463025369e-49 -5.54113871179e-56
270.0 0.965779467681 1.66587946768 -1.2022814654e-50 -4.02628221958e-57
270.0 0.969581749049 1.66968174905 -8.53315577522e-52 -2.8576414395e-58
270.0 0.973384030418 1.67348403042 -5.77054611821e-53 -1.93247986446e-59
270.0 0.977186311787 1.67728631179 -3.63711434309e-54 -1.21802167226e-60
270.0 0.980988593156 1.68108859316 -2.20800762827e-55 -7.39432662835e-62
270.0 0.984790874525 1.68489087452 -1.19596245926e-56 -4.00512070057e-63
270.0 0.988593155894 1.68869315589 -5.30561058384e-58 -1.77677907982e-64
270.0 0.992395437262 1.69249543726 -1.40449270503e-59 -4.70346101852e-66
270.0 0.996197718631 1.69629771863 0.0 0.0
270.0 1.0 1.7001 0.0 0.0
270.0 1.00380228137 1.70390228137 0.0 0.0
270.0 1.00760456274 1.70770456274 0.0 0.0
270.0 1.01140684411 1.71150684411 0.0 0.0
270.0 1.01520912548 1.71530912548 0.0 0.0
270.0 1.01901140684 1.71911140684 0.0 0.0
270.0 1.02281368821 1.72291368821 0.0 0.0
270.0 1.02661596958 1.72671596958 0.0 0.0
270.0 1.03041825095 1.73051825095 0.0 0.0
270.0 1.03422053232 1.73432053232 0.0 0.0
270.0 1.03802281369 1.73812281369 0.0 0.0
270.0 1.04182509506 1.74192509506 0.0 0.0
270.0 1.04562737643 1.74572737643 0.0 0.0
270.0 1.04942965779 1.74952965779 0.0 0.0
270.0 1.05323193916 1.75333193916 0.0 0.0
270.0 1.05703422053 1.75713422053 0.0 0.0
270.0 1.0608365019 1.7609365019 0.0 0.0
270.0 1.06463878327 1.76473878327 0.0 0.0
270.0 1.06844106464 1.76854106464 0.0 0.0
270.0 1.07224334601 1.77234334601 0.0 0.0
270.0 1.07604562738 1.77614562738 0.0 0.0
270.0 1.07984790875 1.77994790875 0.0 0.0
270.0 1.08365019011 1.78375019011 0.0 0.0
270.0 1.08745247148 1.78755247148 0.0 0.0
270.0 1.09125475285 1.79135475285 0.0 0.0
270.0 1.09505703422 1.79515703422 0.0 0.0
270.0 1.09885931559 1.79895931559 0.0 0.0
270.0 1.10266159696 1.80276159696 0.0 0.0
270.0 1.10646387833 1.80656387833 0.0 0.0
270.0 1.1102661597 1.8103661597 0.0 0.0
270.0 1.11406844106 1.81416844106 0.0 0.0
270.0 1.11787072243 1.81797072243 0.0 0.0
270.0 1.1216730038 1.8217730038 0.0 0.0
270.0 1.12547528517 1.82557528517 0.0 0.0
270.0 1.12927756654 1.82937756654 0.0 0.0
270.0 1.13307984791 1.83317984791 0.0 0.0
270.0 1.13688212928 1.83698212928 0.0 0.0
270.0 1.14068441065 1.84078441065 0.0 0.0
270.0 1.14448669202 1.84458669202 0.0 0.0
270.0 1.14828897338 1.84838897338 0.0 0.0
270.0 1.15209125475 1.85219125475 0.0 0.0
270.0 1.15589353612 1.85599353612 0.0 0.0
270.0 1.15969581749 1.85979581749 0.0 0.0
270.0 1.16349809886 1.86359809886 0.0 0.0
270.0 1.16730038023 1.86740038023 0.0 0.0
270.0 1.1711026616 1.8712026616 0.0 0.0
270.0 1.17490494297 1.87500494297 0.0 0.0
270.0 1.17870722433 1.87880722433 0.0 0.0
270.0 1.1825095057 1.8826095057 0.0 0.0
270.0 1.18631178707 1.88641178707 0.0 0.0
270.0 1.19011406844 1.89021406844 0.0 0.0
270.0 1.19391634981 1.89401634981 0.0 0.0
270.0 1.19771863118 1.89781863118 0.0 0.0
270.0 1.20152091255 1.90162091255 0.0 0.0
270.0 1.20532319392 1.90542319392 0.0 0.0
270.0 1.20912547529 1.90922547529 0.0 0.0
270.0 1.21292775665 1.91302775665 0.0 0.0
270.0 1.21673003802 1.91683003802 0.0 0.0
270.0 1.22053231939 1.92063231939 0.0 0.0
270.0 1.22433460076 1.92443460076 0.0 0.0
270.0 1.22813688213 1.92823688213 0.0 0.0
270.0 1.2319391635 1.9320391635 0.0 0.0
270.0 1.23574144487 1.93584144487 0.0 0.0
270.0 1.23954372624 1.93964372624 0.0 0.0
270.0 1.2433460076 1.9434460076 0.0 0.0
270.0 1.24714828897 1.94724828897 0.0 0.0
270.0 1.25095057034 1.95105057034 0.0 0.0
270.0 1.25475285171 1.95485285171 0.0 0.0
270.0 1.25855513308 1.95865513308 0.0 0.0
270.0 1.26235741445 1.96245741445 0.0 0.0
270.0 1.26615969582 1.96625969582 0.0 0.0
270.0 1.26996197719 1.97006197719 0.0 0.0
270.0 1.27376425856 1.97386425856 0.0 0.0
270.0 1.27756653992 1.97766653992 0.0 0.0
270.0 1.28136882129 1.98146882129 0.0 0.0
270.0 1.28517110266 1.98527110266 0.0 0.0
270.0 1.28897338403 1.98907338403 0.0 0.0
270.0 1.2927756654 1.9928756654 0.0 0.0
270.0 1.29657794677 1.99667794677 0.0 0.0
270.0 1.30038022814 2.00048022814 0.0 0.0
270.0 1.30418250951 2.00428250951 0.0 0.0
270.0 1.30798479087 2.00808479087 0.0 0.0
270.0 1.31178707224 2.01188707224 0.0 0.0
270.0 1.31558935361 2.01568935361 0.0 0.0
270.0 1.31939163498 2.01949163498 0.0 0.0
270.0 1.32319391635 2.02329391635 0.0 0.0
270.0 1.32699619772 2.02709619772 0.0 0.0
270.0 1.33079847909 2.03089847909 0.0 0.0
270.0 1.33460076046 2.03470076046 0.0 0.0
270.0 1.33840304183 2.03850304183 0.0 0.0
270.0 1.34220532319 2.04230532319 0.0 0.0
270.0 1.34600760456 2.04610760456 0.0 0.0
270.0 1.34980988593 2.04990988593 0.0 0.0
270.0 1.3536121673 2.0537121673 0.0 0.0
270.0 1.35741444867 2.05751444867 0.0 0.0
270.0 1.36121673004 2.06131673004 0.0 0.0
270.0 1.36501901141 2.06511901141 0.0 0.0
270.0 1.36882129278 2.06892129278 0.0 0.0
270.0 1.37262357414 2.07272357414 0.0 0.0
270.0 1.37642585551 2.07652585551 0.0 0.0
270.0 1.38022813688 2.08032813688 0.0 0.0
270.0 1.38403041825 2.08413041825 0.0 0.0
270.0 1.38783269962 2.08793269962 0.0 0.0
270.0 1.39163498099 2.09173498099 0.0 0.0
270.0 1.39543726236 2.09553726236 0.0 0.0
270.0 1.39923954373 2.09933954373 0.0 0.0
270.0 1.4030418251 2.1031418251 0.0 0.0
270.0 1.40684410646 2.10694410646 0.0 0.0
270.0 1.41064638783 2.11074638783 0.0 0.0
270.0 1.4144486692 2.1145486692 0.0 0.0
270.0 1.41825095057 2.11835095057 0.0 0.0
270.0 1.42205323194 2.12215323194 0.0 0.0
270.0 1.42585551331 2.12595551331 0.0 0.0
270.0 1.42965779468 2.12975779468 0.0 0.0
270.0 1.43346007605 2.13356007605 0.0 0.0
270.0 1.43726235741 2.13736235741 0.0 0.0
270.0 1.44106463878 2.14116463878 0.0 0.0
270.0 1.44486692015 2.14496692015 0.0 0.0
270.0 1.44866920152 2.14876920152 0.0 0.0
270.0 1.45247148289 2.15257148289 0.0 0.0
270.0 1.45627376426 2.15637376426 0.0 0.0
270.0 1.46007604563 2.16017604563 0.0 0.0
270.0 1.463878327 2.163978327 0.0 0.0
270.0 1.46768060837 2.16778060837 0.0 0.0
270.0 1.47148288973 2.17158288973 0.0 0.0
270.0 1.4752851711 2.1753851711 0.0 0.0
270.0 1.47908745247 2.17918745247 0.0 0.0
270.0 1.48288973384 2.18298973384 0.0 0.0
270.0 1.48669201521 2.18679201521 0.0 0.0
270.0 1.49049429658 2.19059429658 0.0 0.0
270.0 1.49429657795 2.19439657795 0.0 0.0
270.0 1.49809885932 2.19819885932 0.0 0.0
270.0 1.50190114068 2.20200114068 0.0 0.0
270.0 1.50570342205 2.20580342205 0.0 0.0
270.0 1.50950570342 2.20960570342 0.0 0.0
270.0 1.51330798479 2.21340798479 0.0 0.0
270.0 1.51711026616 2.21721026616 0.0 0.0
270.0 1.52091254753 2.22101254753 0.0 0.0
270.0 1.5247148289 2.2248148289 0.0 0.0
270.0 1.52851711027 2.22861711027 0.0 0.0
270.0 1.53231939163 2.23241939163 0.0 0.0
270.0 1.536121673 2.236221673 0.0 0.0
270.0 1.53992395437 2.24002395437 0.0 0.0
270.0 1.54372623574 2.24382623574 0.0 0.0
270.0 1.54752851711 2.24762851711 0.0 0.0
270.0 1.55133079848 2.25143079848 0.0 0.0
270.0 1.55513307985 2.25523307985 0.0 0.0
270.0 1.55893536122 2.25903536122 0.0 0.0
270.0 1.56273764259 2.26283764259 0.0 0.0
270.0 1.56653992395 2.26663992395 0.0 0.0
270.0 1.57034220532 2.27044220532 0.0 0.0
270.0 1.57414448669 2.27424448669 0.0 0.0
270.0 1.57794676806 2.27804676806 0.0 0.0
270.0 1.58174904943 2.28184904943 0.0 0.0
270.0 1.5855513308 2.2856513308 0.0 0.0
270.0 1.58935361217 2.28945361217 0.0 0.0
270.0 1.59315589354 2.29325589354 0.0 0.0
270.0 1.5969581749 2.2970581749 0.0 0.0
270.0 1.60076045627 2.30086045627 0.0 0.0
270.0 1.60456273764 2.30466273764 0.0 0.0
270.0 1.60836501901 2.30846501901 0.0 0.0
270.0 1.61216730038 2.31226730038 0.0 0.0
270.0 1.61596958175 2.31606958175 0.0 0.0
270.0 1.61977186312 2.31987186312 0.0 0.0
270.0 1.62357414449 2.32367414449 0.0 0.0
270.0 1.62737642586 2.32747642586 0.0 0.0
270.0 1.63117870722 2.33127870722 0.0 0.0
270.0 1.63498098859 2.33508098859 0.0 0.0
270.0 1.63878326996 2.33888326996 0.0 0.0
270.0 1.64258555133 2.34268555133 0.0 0.0
270.0 1.6463878327 2.3464878327 0.0 0.0
270.0 1.65019011407 2.35029011407 0.0 0.0
270.0 1.65399239544 2.35409239544 0.0 0.0
270.0 1.65779467681 2.35789467681 0.0 0.0
270.0 1.66159695817 2.36169695817 0.0 0.0
270.0 1.66539923954 2.36549923954 0.0 0.0
270.0 1.66920152091 2.36930152091 0.0 0.0
270.0 1.67300380228 2.37310380228 0.0 0.0
270.0 1.67680608365 2.37690608365 0.0 0.0
270.0 1.68060836502 2.38070836502 0.0 0.0
270.0 1.68441064639 2.38451064639 0.0 0.0
270.0 1.68821292776 2.38831292776 0.0 0.0
270.0 1.69201520913 2.39211520913 0.0 0.0
270.0 1.69581749049 2.39591749049 0.0 0.0

