# phi, xD, zD =  90.0 0.5 -0.3001
# (t in s) (c0 tau in cm) (p(tau) in au)
90.0 0.0 -0.3001 0.0 0.0
90.0 0.00380228136882 -0.296297718631 0.0 0.0
90.0 0.00760456273764 -0.292495437262 0.0 0.0
90.0 0.0114068441065 -0.288693155894 0.0 0.0
90.0 0.0152091254753 -0.284890874525 0.0 0.0
90.0 0.0190114068441 -0.281088593156 0.0 0.0
90.0 0.0228136882129 -0.277286311787 0.0 0.0
90.0 0.0266159695817 -0.273484030418 0.0 0.0
90.0 0.0304182509506 -0.269681749049 0.0 0.0
90.0 0.0342205323194 -0.265879467681 0.0 0.0
90.0 0.0380228136882 -0.262077186312 0.0 0.0
90.0 0.041825095057 -0.258274904943 0.0 0.0
90.0 0.0456273764259 -0.254472623574 0.0 0.0
90.0 0.0494296577947 -0.250670342205 0.0 0.0
90.0 0.0532319391635 -0.246868060837 0.0 0.0
90.0 0.0570342205323 -0.243065779468 0.0 0.0
90.0 0.0608365019011 -0.239263498099 0.0 0.0
90.0 0.06463878327 -0.23546121673 0.0 0.0
90.0 0.0684410646388 -0.231658935361 0.0 0.0
90.0 0.0722433460076 -0.227856653992 0.0 0.0
90.0 0.0760456273764 -0.224054372624 0.0 0.0
90.0 0.0798479087452 -0.220252091255 0.0 0.0
90.0 0.0836501901141 -0.216449809886 0.0 0.0
90.0 0.0874524714829 -0.212647528517 0.0 0.0
90.0 0.0912547528517 -0.208845247148 0.0 0.0
90.0 0.0950570342205 -0.205042965779 0.0 0.0
90.0 0.0988593155894 -0.201240684411 0.0 0.0
90.0 0.102661596958 -0.197438403042 0.0 0.0
90.0 0.106463878327 -0.193636121673 0.0 0.0
90.0 0.110266159696 -0.189833840304 0.0 0.0
90.0 0.114068441065 -0.186031558935 0.0 0.0
90.0 0.117870722433 -0.182229277567 0.0 0.0
90.0 0.121673003802 -0.178426996198 0.0 0.0
90.0 0.125475285171 -0.174624714829 0.0 0.0
90.0 0.12927756654 -0.17082243346 0.0 0.0
90.0 0.133079847909 -0.167020152091 0.0 0.0
90.0 0.136882129278 -0.163217870722 0.0 0.0
90.0 0.140684410646 -0.159415589354 0.0 0.0
90.0 0.144486692015 -0.155613307985 0.0 0.0
90.0 0.148288973384 -0.151811026616 0.0 0.0
90.0 0.152091254753 -0.148008745247 0.0 0.0
90.0 0.155893536122 -0.144206463878 0.0 0.0
90.0 0.15969581749 -0.14040418251 0.0 0.0
90.0 0.163498098859 -0.136601901141 0.0 0.0
90.0 0.167300380228 -0.132799619772 0.0 0.0
90.0 0.171102661597 -0.128997338403 0.0 0.0
90.0 0.174904942966 -0.125195057034 0.0 0.0
90.0 0.178707224335 -0.121392775665 0.0 0.0
90.0 0.182509505703 -0.117590494297 0.0 0.0
90.0 0.186311787072 -0.113788212928 0.0 0.0
90.0 0.190114068441 -0.109985931559 0.0 0.0
90.0 0.19391634981 -0.10618365019 0.0 0.0
90.0 0.197718631179 -0.102381368821 0.0 0.0
90.0 0.201520912548 -0.0985790874525 0.0 0.0
90.0 0.205323193916 -0.0947768060837 0.0 0.0
90.0 0.209125475285 -0.0909745247148 0.0 0.0
90.0 0.212927756654 -0.087172243346 0.0 0.0
90.0 0.216730038023 -0.0833699619772 0.0 0.0
90.0 0.220532319392 -0.0795676806084 0.0 0.0
90.0 0.22433460076 -0.0757653992395 0.0 0.0
90.0 0.228136882129 -0.0719631178707 0.0 0.0
90.0 0.231939163498 -0.0681608365019 0.0 0.0
90.0 0.235741444867 -0.0643585551331 0.0 0.0
90.0 0.239543726236 -0.0605562737643 0.0 0.0
90.0 0.243346007605 -0.0567539923954 0.0 0.0
90.0 0.247148288973 -0.0529517110266 0.0 0.0
90.0 0.250950570342 -0.0491494296578 0.0 0.0
90.0 0.254752851711 -0.045347148289 0.0 0.0
90.0 0.25855513308 -0.0415448669202 0.0 0.0
90.0 0.262357414449 -0.0377425855513 0.0 0.0
90.0 0.266159695817 -0.0339403041825 0.0 0.0
90.0 0.269961977186 -0.0301380228137 0.0 0.0
90.0 0.273764258555 -0.0263357414449 0.0 0.0
90.0 0.277566539924 -0.022533460076 0.0 0.0
90.0 0.281368821293 -0.0187311787072 0.0 0.0
90.0 0.285171102662 -0.0149288973384 0.0 0.0
90.0 0.28897338403 -0.0111266159696 0.0 0.0
90.0 0.292775665399 -0.00732433460076 0.0 0.0
90.0 0.296577946768 -0.00352205323194 406777.128153 0.0390515769277
90.0 0.300380228137 0.00028022813688 5833185.26966 0.559999733333
90.0 0.304182509506 0.0040825095057 10416407.2274 1.0
90.0 0.307984790875 0.00788479087452 9528982.42989 0.914805097556
90.0 0.311787072243 0.0116870722433 8611230.56793 0.826698724416
90.0 0.315589353612 0.0154893536122 7806320.61708 0.749425444554
90.0 0.319391634981 0.019291634981 6747246.75051 0.647751821063
90.0 0.32319391635 0.0230939163498 4846448.37551 0.465270632157
90.0 0.326996197719 0.0268961977186 2565290.41707 0.24627401378
90.0 0.330798479087 0.0306984790875 567914.39063 0.054521139413
90.0 0.334600760456 0.0345007604563 -1126595.53559 -0.108155865165
90.0 0.338403041825 0.0383030418251 -2379458.26262 -0.228433682618
90.0 0.342205323194 0.0421053231939 -3269642.82805 -0.313893529377
90.0 0.346007604563 0.0459076045627 -3718240.48164 -0.356959976742
90.0 0.349809885932 0.0497098859316 -3767661.34291 -0.361704497591
90.0 0.3536121673 0.0535121673004 -3842729.57432 -0.368911227299
90.0 0.357414448669 0.0573144486692 -3727797.62818 -0.357877485661
90.0 0.361216730038 0.061116730038 -3422831.57674 -0.328600015534
90.0 0.365019011407 0.0649190114068 -3169960.47056 -0.304323784713
90.0 0.368821292776 0.0687212927757 -2901473.92183 -0.278548434069
90.0 0.372623574144 0.0725235741445 -2610014.13982 -0.250567598101
90.0 0.376425855513 0.0763258555133 -2378921.89802 -0.228382190334
90.0 0.380228136882 0.0801281368821 -2146644.70511 -0.206083024429
90.0 0.384030418251 0.0839304182509 -1906006.15423 -0.182981148165
90.0 0.38783269962 0.0877326996198 -1718391.63446 -0.164969705671
90.0 0.391634980989 0.0915349809886 -1542413.69048 -0.148075402277
90.0 0.395437262357 0.0953372623574 -1382065.3 -0.132681573389
90.0 0.399239543726 0.0991395437262 -1241952.39704 -0.119230399688
90.0 0.403041825095 0.102941825095 -1113449.47037 -0.106893811471
90.0 0.406844106464 0.106744106464 -1008450.04729 -0.0968136157957
90.0 0.410646387833 0.110546387833 -895664.272828 -0.0859859117708
90.0 0.414448669202 0.114348669202 -802456.857012 -0.0770377769888
90.0 0.41825095057 0.11815095057 -722345.676018 -0.0693469120634
90.0 0.422053231939 0.121953231939 -653101.584531 -0.0626993137145
90.0 0.425855513308 0.125755513308 -587415.03262 -0.0563932476711
90.0 0.429657794677 0.129557794677 -524553.460939 -0.0503583864844
90.0 0.433460076046 0.133360076046 -472958.868713 -0.0454051822655
90.0 0.437262357414 0.137162357414 -427482.12634 -0.0410393062603
90.0 0.441064638783 0.140964638783 -383326.880344 -0.0368002970673
90.0 0.444866920152 0.144766920152 -341869.196211 -0.0328202602631
90.0 0.448669201521 0.148569201521 -310030.793516 -0.0297636974771
90.0 0.45247148289 0.15237148289 -279005.600662 -0.0267852047803
90.0 0.456273764259 0.156173764259 -251506.814969 -0.0241452556027
90.0 0.460076045627 0.159976045627 -227138.284252 -0.0218058183875
90.0 0.463878326996 0.163778326996 -203996.496991 -0.0195841514773
90.0 0.467680608365 0.167580608365 -182337.058238 -0.0175047935681
90.0 0.471482889734 0.171382889734 -164210.745583 -0.0157646242123
90.0 0.475285171103 0.175185171103 -150361.980011 -0.0144351096043
90.0 0.479087452471 0.178987452471 -134048.131103 -0.0128689411018
90.0 0.48288973384 0.18278973384 -120556.840312 -0.0115737449275
90.0 0.486692015209 0.186592015209 -109164.298064 -0.0104800336316
90.0 0.490494296578 0.190394296578 -98433.8811774 -0.0094498879535
90.0 0.494296577947 0.194196577947 -88606.8430154 -0.008506468793
90.0 0.498098859316 0.197998859316 -79731.2627807 -0.0076543918685
90.0 0.501901140684 0.201801140684 -72502.7082414 -0.00696043334887
90.0 0.505703422053 0.205603422053 -64706.2503467 -0.00621195474926
90.0 0.509505703422 0.209405703422 -58773.184541 -0.00564236624565
90.0 0.513307984791 0.213207984791 -53258.4488258 -0.00511293843096
90.0 0.51711026616 0.21701026616 -47661.823291 -0.00457564899781
90.0 0.520912547529 0.220812547529 -43340.4129519 -0.00416078327254
90.0 0.524714828897 0.224614828897 -38772.8561564 -0.00372228689891
90.0 0.528517110266 0.228417110266 -35061.5830978 -0.00336599581144
90.0 0.532319391635 0.232219391635 -31969.8705162 -0.00306918401116
90.0 0.536121673004 0.236021673004 -28799.0391682 -0.00276477662013
90.0 0.539923954373 0.239823954373 -25673.0360027 -0.00246467284181
90.0 0.543726235741 0.243626235741 -23395.8867681 -0.00224606107051
90.0 0.54752851711 0.24742851711 -21410.2187536 -0.00205543219328
90.0 0.551330798479 0.251230798479 -19051.3693703 -0.00182897701235
90.0 0.555133079848 0.255033079848 -17142.06628 -0.00164567935044
90.0 0.558935361217 0.258835361217 -15574.5259268 -0.00149519172846
90.0 0.562737642586 0.262637642586 -14115.3248156 -0.00135510493276
90.0 0.566539923954 0.266439923954 -12814.7330669 -0.00123024501511
90.0 0.570342205323 0.270242205323 -11435.483258 -0.00109783373559
90.0 0.574144486692 0.274044486692 -10383.2673284 -0.000996818490456
90.0 0.577946768061 0.277846768061 -9493.16142589 -0.000911366195523
90.0 0.58174904943 0.28164904943 -8494.88316847 -0.000815529095875
90.0 0.585551330798 0.285451330798 -7694.52925002 -0.000738693206017
90.0 0.589353612167 0.289253612167 -6965.1940998 -0.000668675287718
90.0 0.593155893536 0.293055893536 -6300.59798495 -0.000604872471609
90.0 0.596958174905 0.296858174905 -5665.80938581 -0.000543931248279
90.0 0.600760456274 0.300660456274 -5129.73132568 -0.000492466472716
90.0 0.604562737643 0.304462737643 -4667.47808554 -0.000448089056392
90.0 0.608365019011 0.308265019011 -4218.6560724 -0.000405001069974
90.0 0.61216730038 0.31206730038 -3835.6281823 -0.000368229476685
90.0 0.615969581749 0.315869581749 -3471.33596055 -0.000333256552356
90.0 0.619771863118 0.319671863118 -3079.04902092 -0.000295596068173
90.0 0.623574144487 0.323474144487 -2816.8940791 -0.000270428566932
90.0 0.627376425856 0.327276425856 -2589.58255647 -0.000248606117246
90.0 0.631178707224 0.331078707224 -2303.46706148 -0.000221138345611
90.0 0.634980988593 0.334880988593 -2086.70744706 -0.000200328904343
90.0 0.638783269962 0.338683269962 -1897.50561455 -0.00018216507603
90.0 0.642585551331 0.342485551331 -1726.22915193 -0.000165722126088
90.0 0.6463878327 0.3462878327 -1560.22912729 -0.000149785726808
90.0 0.650190114068 0.350090114068 -1399.62205256 -0.000134367063614
90.0 0.653992395437 0.353892395437 -1272.21862352 -0.000122136029798
90.0 0.657794676806 0.357694676806 -1161.95270787 -0.000111550238244
90.0 0.661596958175 0.361496958175 -1039.70798477 -9.98144525336e-05
90.0 0.665399239544 0.365299239544 -940.036868046 -9.02457870089e-05
90.0 0.669201520913 0.369101520913 -862.302899615 -8.27831401736e-05
90.0 0.673003802281 0.372903802281 -785.669495277 -7.54261501228e-05
90.0 0.67680608365 0.37670608365 -696.51274507 -6.68668889245e-05
90.0 0.680608365019 0.380508365019 -629.626916256 -6.04456894309e-05
90.0 0.684410646388 0.384310646388 -584.941713789 -5.61558031495e-05
90.0 0.688212927757 0.388112927757 -523.378839616 -5.02456200289e-05
90.0 0.692015209125 0.391915209125 -471.182255359 -4.52346231355e-05
90.0 0.695817490494 0.395717490494 -429.860112635 -4.12675986306e-05
90.0 0.699619771863 0.399519771863 -389.663475852 -3.74086253872e-05
90.0 0.703422053232 0.403322053232 -351.337616526 -3.37292512528e-05
90.0 0.707224334601 0.407124334601 -319.710267811 -3.06929501535e-05
90.0 0.71102661597 0.41092661597 -289.138651759 -2.77580019143e-05
90.0 0.714828897338 0.414728897338 -262.945412805 -2.52433883453e-05
90.0 0.718631178707 0.418531178707 -237.550593809 -2.28054250014e-05
90.0 0.722433460076 0.422333460076 -214.720361181 -2.06136680808e-05
90.0 0.726235741445 0.426135741445 -196.713662125 -1.88849819165e-05
90.0 0.730038022814 0.429938022814 -177.430971187 -1.70337974805e-05
90.0 0.733840304183 0.433740304183 -160.145158927 -1.53743181723e-05
90.0 0.737642585551 0.437542585551 -144.459634499 -1.38684703223e-05
90.0 0.74144486692 0.44134486692 -131.882651496 -1.26610498818e-05
90.0 0.745247148289 0.445147148289 -120.667147895 -1.15843347193e-05
90.0 0.749049429658 0.448949429658 -108.381568736 -1.04048897445e-05
90.0 0.752851711027 0.452751711027 -98.1472939485 -9.42237489429e-06
90.0 0.756653992395 0.456553992395 -89.289943466 -8.57204806958e-06
90.0 0.760456273764 0.460356273764 -80.7166294067 -7.74898942066e-06
90.0 0.764258555133 0.464158555133 -72.8898104772 -6.9975960891e-06
90.0 0.768060836502 0.467960836502 -67.10724002 -6.44245549878e-06
90.0 0.771863117871 0.471763117871 -60.3621204297 -5.79490789018e-06
90.0 0.77566539924 0.47556539924 -54.2779878764 -5.2108166176e-06
90.0 0.779467680608 0.479367680608 -50.0336097392 -4.8033461679e-06
90.0 0.783269961977 0.483169961977 -44.8357789164 -4.30434198063e-06
90.0 0.787072243346 0.486972243346 -40.5488501841 -3.89278657206e-06
90.0 0.790874524715 0.490774524715 -37.2581765255 -3.57687403266e-06
90.0 0.794676806084 0.494576806084 -33.9241694606 -3.25680138265e-06
90.0 0.798479087452 0.498379087452 -30.2181613055 -2.90101573851e-06
90.0 0.802281368821 0.502181368821 -27.4235987745 -2.63273105359e-06
90.0 0.80608365019 0.50598365019 -25.3212665725 -2.43090213541e-06
90.0 0.809885931559 0.509785931559 -22.7916283604 -2.18805081855e-06
90.0 0.813688212928 0.513588212928 -20.5151973195 -1.96950799556e-06
90.0 0.817490494297 0.517390494297 -18.7359989063 -1.79870069374e-06
90.0 0.821292775665 0.521192775665 -17.1188780641 -1.64345322628e-06
90.0 0.825095057034 0.524995057034 -15.3531419145 -1.47393833394e-06
90.0 0.828897338403 0.528797338403 -13.9392181337 -1.33819827022e-06
90.0 0.832699619772 0.532599619772 -12.7416406205 -1.22322796549e-06
90.0 0.836501901141 0.536401901141 -11.6021511332 -1.11383425013e-06
90.0 0.84030418251 0.54020418251 -10.4341653636 -1.00170482354e-06
90.0 0.844106463878 0.544006463878 -9.4921476672 -9.11268872265e-07
90.0 0.847908745247 0.547808745247 -8.59845798723 -8.25472526129e-07
90.0 0.851711026616 0.551611026616 -7.78878980105 -7.47742444297e-07
90.0 0.855513307985 0.555413307985 -7.12665225696 -6.8417565686e-07
90.0 0.859315589354 0.559215589354 -6.47401452063 -6.21520873682e-07
90.0 0.863117870722 0.563017870722 -5.83559194058 -5.60230779496e-07
90.0 0.866920152091 0.566820152091 -5.27842937549 -5.06741841043e-07
90.0 0.87072243346 0.57062243346 -4.83180648532 -4.63864975688e-07
90.0 0.874524714829 0.574424714829 -4.39295222181 -4.21733917069e-07
90.0 0.878326996198 0.578226996198 -3.9564891441 -3.79832418003e-07
90.0 0.882129277567 0.582029277567 -3.59205689301 -3.44846050521e-07
90.0 0.885931558935 0.585831558935 -3.30029752201 -3.16836453294e-07
90.0 0.889733840304 0.589633840304 -2.98042122636 -2.86127564071e-07
90.0 0.893536121673 0.593436121673 -2.67484957168 -2.56791954585e-07
90.0 0.897338403042 0.597238403042 -2.44638151328 -2.34858474699e-07
90.0 0.901140684411 0.601040684411 -2.23774716041 -2.14829077968e-07
90.0 0.904942965779 0.604842965779 -2.02438060921 -1.94345378883e-07
90.0 0.908745247148 0.608645247148 -1.83784379013 -1.76437398231e-07
90.0 0.912547528517 0.612447528517 -1.65594373263 -1.58974557779e-07
90.0 0.916349809886 0.616249809886 -1.51161247224 -1.45118411678e-07
90.0 0.920152091255 0.620052091255 -1.3749426193 -1.31997779011e-07
90.0 0.923954372624 0.623854372624 -1.24742905114 -1.19756171576e-07
90.0 0.927756653992 0.627656653992 -1.13137630225 -1.08614830195e-07
90.0 0.931558935361 0.631458935361 -1.02647899655 -9.8544438033e-08
90.0 0.93536121673 0.63526121673 -0.938386505636 -9.00873482714e-08
90.0 0.939163498099 0.639063498099 -0.8505143942 -8.16514154668e-08
90.0 0.942965779468 0.642865779468 -0.770152392497 -7.39364711537e-08
90.0 0.946768060836 0.646668060836 -0.696247489536 -6.6841423759e-08
90.0 0.950570342205 0.650470342205 -0.635878619134 -6.10458678553e-08
90.0 0.954372623574 0.654272623574 -0.5807872556 -5.57569652298e-08
90.0 0.958174904943 0.658074904943 -0.526231383678 -5.05194710794e-08
90.0 0.961977186312 0.661877186312 -0.475057861238 -4.56066905666e-08
90.0 0.965779467681 0.665679467681 -0.429212143741 -4.12053920674e-08
90.0 0.969581749049 0.669481749049 -0.393368301039 -3.77642974636e-08
90.0 0.973384030418 0.673284030418 -0.35926614872 -3.4490409301e-08
90.0 0.977186311787 0.677086311787 -0.324998116049 -3.12005962279e-08
90.0 0.980988593156 0.680888593156 -0.294287880919 -2.82523402256e-08
90.0 0.984790874525 0.684690874525 -0.267110560375 -2.56432524711e-08
90.0 0.988593155894 0.688493155894 -0.242770982375 -2.33065947859e-08
90.0 0.992395437262 0.692295437262 -0.222184951383 -2.13302865884e-08
90.0 0.996197718631 0.696097718631 -0.200535811447 -1.92519173903e-08
90.0 1.0 0.6999 -0.181673869091 -1.74411258243e-08
90.0 1.00380228137 0.703702281369 -0.166817718628 -1.6014899858e-08
90.0 1.00760456274 0.707504562738 -0.15076028853 -1.44733481745e-08
90.0 1.01140684411 0.711306844106 -0.136493504186 -1.31037027648e-08
90.0 1.01520912548 0.715109125475 -0.124021050752 -1.19063174129e-08
90.0 1.01901140684 0.718911406844 -0.112768101115 -1.08260073413e-08
90.0 1.02281368821 0.722713688213 -0.103320138572 -9.91898034668e-09
90.0 1.02661596958 0.726515969582 -0.0935029563552 -8.97650738048e-09
90.0 1.03041825095 0.730318250951 -0.0847427107413 -8.13550285534e-09
90.0 1.03422053232 0.734120532319 -0.0767081901431 -7.36416966697e-09
90.0 1.03802281369 0.737922813688 -0.0698383771589 -6.7046511944e-09
90.0 1.04182509506 0.741725095057 -0.0636883843382 -6.11423717867e-09
90.0 1.04562737643 0.745527376426 -0.0579637256765 -5.56465625919e-09
90.0 1.04942965779 0.749329657795 -0.0525956711555 -5.04931018988e-09
90.0 1.05323193916 0.753131939163 -0.047552553948 -4.56515887961e-09
90.0 1.05703422053 0.756934220532 -0.0434590672643 -4.17217437024e-09
90.0 1.0608365019 0.760736501901 -0.0396707930901 -3.80849099156e-09
90.0 1.06463878327 0.76453878327 -0.0356939047566 -3.4267002026e-09
90.0 1.06844106464 0.768341064639 -0.0323657514128 -3.10718952381e-09
90.0 1.07224334601 0.772143346008 -0.0297791245764 -2.85886716275e-09
90.0 1.07604562738 0.775945627376 -0.0269828076766 -2.59041405424e-09
90.0 1.07984790875 0.779747908745 -0.0244341115669 -2.34573313364e-09
90.0 1.08365019011 0.783550190114 -0.0223080575355 -2.14162686312e-09
90.0 1.08745247148 0.787352471483 -0.0202245038662 -1.94160072899e-09
90.0 1.09125475285 0.791154752852 -0.0181826182159 -1.7455748243e-09
90.0 1.09505703422 0.794957034221 -0.0167654455609 -1.60952286089e-09
90.0 1.09885931559 0.798759315589 -0.0153047870514 -1.46929615147e-09
90.0 1.10266159696 0.802561596958 -0.0137649893802 -1.3214718933e-09
90.0 1.10646387833 0.806363878327 -0.0124969422137 -1.19973633335e-09
90.0 1.1102661597 0.810166159696 -0.0114219398914 -1.09653354002e-09
90.0 1.11406844106 0.813968441065 -0.010392209802 -9.97676989295e-10
90.0 1.11787072243 0.817770722433 -0.0094097738745 -9.03360791206e-10
90.0 1.1216730038 0.821573003802 -0.00856272155585 -8.2204174327e-10
90.0 1.12547528517 0.825375285171 -0.00778969524548 -7.47829369128e-10
90.0 1.12927756654 0.82917756654 -0.00709602954594 -6.81235803382e-10
90.0 1.13307984791 0.832979847909 -0.00644146253207 -6.18395804947e-10
90.0 1.13688212928 0.836782129278 -0.00586712491401 -5.63258020342e-10
90.0 1.14068441065 0.840584410646 -0.00530338845442 -5.09137972299e-10
90.0 1.14448669202 0.844386692015 -0.00479530402522 -4.6036065224e-10
90.0 1.14828897338 0.848188973384 -0.00441209401044 -4.23571574546e-10
90.0 1.15209125475 0.851991254753 -0.00403426489737 -3.87299076283e-10
90.0 1.15589353612 0.855793536122 -0.00365360771497 -3.50755076601e-10
90.0 1.15969581749 0.85959581749 -0.0032925297313 -3.16090726813e-10
90.0 1.16349809886 0.863398098859 -0.00298893598484 -2.86945001244e-10
90.0 1.16730038023 0.867200380228 -0.00273675629558 -2.62735148101e-10
90.0 1.1711026616 0.871002661597 -0.00248558484794 -2.38622088563e-10
90.0 1.17490494297 0.874804942966 -0.00226717207265 -2.176539399e-10
90.0 1.17870722433 0.878607224335 -0.00206219790151 -1.97975929366e-10
90.0 1.1825095057 0.882409505703 -0.00186059923676 -1.78621975517e-10
90.0 1.18631178707 0.886211787072 -0.0017000023974 -1.63204294943e-10
90.0 1.19011406844 0.890014068441 -0.00155468795372 -1.49253760896e-10
90.0 1.19391634981 0.89381634981 -0.00139873147406 -1.34281565949e-10
90.0 1.19771863118 0.897618631179 -0.00127366751513 -1.22275126857e-10
90.0 1.20152091255 0.901420912548 -0.00116488226619 -1.11831482847e-10
90.0 1.20532319392 0.905223193916 -0.00106163244992 -1.0191925361e-10
90.0 1.20912547529 0.909025475285 -0.000960542905309 -9.22144156172e-11
90.0 1.21292775665 0.912827756654 -0.000874451782779 -8.3949462006e-11
90.0 1.21673003802 0.916630038023 -0.000796737328494 -7.64886885753e-11
90.0 1.22053231939 0.920432319392 -0.000719398663793 -6.90639918433e-11
90.0 1.22433460076 0.92423460076 -0.00065765030504 -6.31360017596e-11
90.0 1.22813688213 0.928036882129 -0.000599575836786 -5.75607139481e-11
90.0 1.2319391635 0.931839163498 -0.000544968490634 -5.23182781485e-11
90.0 1.23574144487 0.935641444867 -0.000494967187968 -4.75180335369e-11
90.0 1.23954372624 0.939443726236 -0.000449338929915 -4.31376116643e-11
90.0 1.2433460076 0.943246007605 -0.0004079279509 -3.91620586631e-11
90.0 1.24714828897 0.947048288973 -0.000371860608805 -3.56995075831e-11
90.0 1.25095057034 0.950850570342 -0.000340567366434 -3.26952814917e-11
90.0 1.25475285171 0.954652851711 -0.00030711770212 -2.94840337378e-11
90.0 1.25855513308 0.95845513308 -0.000280028937431 -2.68834475569e-11
90.0 1.26235741445 0.962257414449 -0.000255604420095 -2.45386354924e-11
90.0 1.26615969582 0.966059695817 -0.000230700839463 -2.2147832206e-11
90.0 1.26996197719 0.969861977186 -0.000211281069846 -2.02834878891e-11
90.0 1.27376425856 0.973664258555 -0.000192403880212 -1.84712325479e-11
90.0 1.27756653992 0.977466539924 -0.00017384163741 -1.66892128557e-11
90.0 1.28136882129 0.981268821293 -0.000157785724059 -1.51478067834e-11
90.0 1.28517110266 0.985071102662 -0.000144937156017 -1.39143135299e-11
90.0 1.28897338403 0.98887338403 -0.000131903810435 -1.26630811906e-11
90.0 1.2927756654 0.992675665399 -0.000135921630346 -1.30488015089e-11
90.0 1.29657794677 0.996477946768 -0.000350386285381 -3.36379211882e-11
90.0 1.30038022814 1.00028022814 -0.000476217111045 -4.571798132e-11
90.0 1.30418250951 1.00408250951 -0.000265397398495 -2.54787848343e-11
90.0 1.30798479087 1.00788479087 -7.87422403243e-05 -7.55944334788e-12
90.0 1.31178707224 1.01168707224 -1.45967191003e-05 -1.40131993513e-12
90.0 1.31558935361 1.01548935361 -2.0070342308e-06 -1.92680085079e-13
90.0 1.31939163498 1.01929163498 -2.22975489719e-07 -2.14061801589e-14
90.0 1.32319391635 1.02309391635 -2.08783963958e-08 -2.00437597531e-15
90.0 1.32699619772 1.02689619772 -1.73137041029e-09 -1.66215699183e-16
90.0 1.33079847909 1.03069847909 -1.27976476108e-10 -1.22860477047e-17
90.0 1.33460076046 1.03450076046 -8.75428340746e-12 -8.40432139058e-19
90.0 1.33840304183 1.03830304183 -5.47957803905e-13 -5.26052593702e-20
90.0 1.34220532319 1.04210532319 -3.21098166837e-14 -3.08261917785e-21
90.0 1.34600760456 1.04590760456 -1.75419216091e-15 -1.68406641811e-22
90.0 1.34980988593 1.04970988593 -9.12020941165e-17 -8.75561910408e-24
90.0 1.3536121673 1.0535121673 -4.53380096363e-18 -4.3525573306e-25
90.0 1.35741444867 1.05731444867 -2.14166669909e-19 -2.05605123948e-26
90.0 1.36121673004 1.06111673004 -9.63387573675e-21 -9.2487510582e-28
90.0 1.36501901141 1.06491901141 -4.22400509377e-22 -4.05514588816e-29
90.0 1.36882129278 1.06872129278 -1.75876526206e-23 -1.68845670456e-30
90.0 1.37262357414 1.07252357414 -7.10788484094e-25 -6.82373940048e-32
90.0 1.37642585551 1.07632585551 -2.76573357586e-26 -2.65517036294e-33
90.0 1.38022813688 1.08012813688 -1.0473345905e-27 -1.00546624919e-34
90.0 1.38403041825 1.08393041825 -3.84800704964e-29 -3.69417877548e-36
90.0 1.38783269962 1.08773269962 -1.35799182951e-30 -1.30370462662e-37
90.0 1.39163498099 1.09153498099 -4.55754093749e-32 -4.37534827314e-39
90.0 1.39543726236 1.09533726236 -1.20248220614e-33 -1.15441166986e-40
90.0 1.39923954373 1.09913954373 -3.38276668121e-35 -3.24753689766e-42
90.0 1.4030418251 1.1029418251 -9.49475320402e-37 -9.11519010029e-44
90.0 1.40684410646 1.10674410646 -2.64148413577e-38 -2.53588792958e-45
90.0 1.41064638783 1.11054638783 -7.24119995133e-40 -6.95172509409e-47
90.0 1.4144486692 1.1143486692 -1.92323322683e-41 -1.84634988325e-48
90.0 1.41825095057 1.11815095057 -5.03951055507e-43 -4.83805063015e-50
90.0 1.42205323194 1.12195323194 -1.279602571e-44 -1.22844906411e-51
90.0 1.42585551331 1.12575551331 -3.20255800103e-46 -3.0745322558e-53
90.0 1.42965779468 1.12955779468 -7.94636362548e-48 -7.6286990821e-55
90.0 1.43346007605 1.13336007605 -1.85887422728e-49 -1.78456370483e-56
90.0 1.43726235741 1.13716235741 -4.36894162628e-51 -4.19428842487e-58
90.0 1.44106463878 1.14096463878 -9.85654558268e-53 -9.46251943445e-60
90.0 1.44486692015 1.14476692015 -2.14967687209e-54 -2.06374119708e-61
90.0 1.44866920152 1.14856920152 -4.55217977417e-56 -4.37020142817e-63
90.0 1.45247148289 1.15237148289 -9.50198035411e-58 -9.12212833718e-65
90.0 1.45627376426 1.15617376426 -1.95586326166e-59 -1.87767549689e-66
90.0 1.46007604563 1.15997604563 -3.63915708104e-61 -3.49367781192e-68
90.0 1.463878327 1.163778327 -6.25695814782e-63 -6.006829429e-70
90.0 1.46768060837 1.16758060837 -1.05021153414e-64 -1.00822818387e-71
90.0 1.47148288973 1.17138288973 -1.76366745763e-66 -1.69316292952e-73
90.0 1.4752851711 1.1751851711 -1.53394209928e-68 -1.47262109265e-75
90.0 1.47908745247 1.17898745247 -5.00939341781e-71 -4.80913745827e-78
90.0 1.48288973384 1.18278973384 0.0 0.0
90.0 1.48669201521 1.18659201521 0.0 0.0
90.0 1.49049429658 1.19039429658 0.0 0.0
90.0 1.49429657795 1.19419657795 0.0 0.0
90.0 1.49809885932 1.19799885932 0.0 0.0
90.0 1.50190114068 1.20180114068 0.0 0.0
90.0 1.50570342205 1.20560342205 0.0 0.0
90.0 1.50950570342 1.20940570342 0.0 0.0
90.0 1.51330798479 1.21320798479 0.0 0.0
90.0 1.51711026616 1.21701026616 0.0 0.0
90.0 1.52091254753 1.22081254753 0.0 0.0
90.0 1.5247148289 1.2246148289 0.0 0.0
90.0 1.52851711027 1.22841711027 0.0 0.0
90.0 1.53231939163 1.23221939163 0.0 0.0
90.0 1.536121673 1.236021673 0.0 0.0
90.0 1.53992395437 1.23982395437 0.0 0.0
90.0 1.54372623574 1.24362623574 0.0 0.0
90.0 1.54752851711 1.24742851711 0.0 0.0
90.0 1.55133079848 1.25123079848 0.0 0.0
90.0 1.55513307985 1.25503307985 0.0 0.0
90.0 1.55893536122 1.25883536122 0.0 0.0
90.0 1.56273764259 1.26263764259 0.0 0.0
90.0 1.56653992395 1.26643992395 0.0 0.0
90.0 1.57034220532 1.27024220532 0.0 0.0
90.0 1.57414448669 1.27404448669 0.0 0.0
90.0 1.57794676806 1.27784676806 0.0 0.0
90.0 1.58174904943 1.28164904943 0.0 0.0
90.0 1.5855513308 1.2854513308 0.0 0.0
90.0 1.58935361217 1.28925361217 0.0 0.0
90.0 1.59315589354 1.29305589354 0.0 0.0
90.0 1.5969581749 1.2968581749 0.0 0.0
90.0 1.60076045627 1.30066045627 0.0 0.0
90.0 1.60456273764 1.30446273764 0.0 0.0
90.0 1.60836501901 1.30826501901 0.0 0.0
90.0 1.61216730038 1.31206730038 0.0 0.0
90.0 1.61596958175 1.31586958175 0.0 0.0
90.0 1.61977186312 1.31967186312 0.0 0.0
90.0 1.62357414449 1.32347414449 0.0 0.0
90.0 1.62737642586 1.32727642586 0.0 0.0
90.0 1.63117870722 1.33107870722 0.0 0.0
90.0 1.63498098859 1.33488098859 0.0 0.0
90.0 1.63878326996 1.33868326996 0.0 0.0
90.0 1.64258555133 1.34248555133 0.0 0.0
90.0 1.6463878327 1.3462878327 0.0 0.0
90.0 1.65019011407 1.35009011407 0.0 0.0
90.0 1.65399239544 1.35389239544 0.0 0.0
90.0 1.65779467681 1.35769467681 0.0 0.0
90.0 1.66159695817 1.36149695817 0.0 0.0
90.0 1.66539923954 1.36529923954 0.0 0.0
90.0 1.66920152091 1.36910152091 0.0 0.0
90.0 1.67300380228 1.37290380228 0.0 0.0
90.0 1.67680608365 1.37670608365 0.0 0.0
90.0 1.68060836502 1.38050836502 0.0 0.0
90.0 1.68441064639 1.38431064639 0.0 0.0
90.0 1.68821292776 1.38811292776 0.0 0.0
90.0 1.69201520913 1.39191520913 0.0 0.0
90.0 1.69581749049 1.39571749049 0.0 0.0
90.0 1.69961977186 1.39951977186 0.0 0.0
90.0 1.70342205323 1.40332205323 0.0 0.0
90.0 1.7072243346 1.4071243346 0.0 0.0
90.0 1.71102661597 1.41092661597 0.0 0.0
90.0 1.71482889734 1.41472889734 0.0 0.0
90.0 1.71863117871 1.41853117871 0.0 0.0
90.0 1.72243346008 1.42233346008 0.0 0.0
90.0 1.72623574144 1.42613574144 0.0 0.0
90.0 1.73003802281 1.42993802281 0.0 0.0
90.0 1.73384030418 1.43374030418 0.0 0.0
90.0 1.73764258555 1.43754258555 0.0 0.0
90.0 1.74144486692 1.44134486692 0.0 0.0
90.0 1.74524714829 1.44514714829 0.0 0.0
90.0 1.74904942966 1.44894942966 0.0 0.0
90.0 1.75285171103 1.45275171103 0.0 0.0
90.0 1.7566539924 1.4565539924 0.0 0.0
90.0 1.76045627376 1.46035627376 0.0 0.0
90.0 1.76425855513 1.46415855513 0.0 0.0
90.0 1.7680608365 1.4679608365 0.0 0.0
90.0 1.77186311787 1.47176311787 0.0 0.0
90.0 1.77566539924 1.47556539924 0.0 0.0
90.0 1.77946768061 1.47936768061 0.0 0.0
90.0 1.78326996198 1.48316996198 0.0 0.0
90.0 1.78707224335 1.48697224335 0.0 0.0
90.0 1.79087452471 1.49077452471 0.0 0.0
90.0 1.79467680608 1.49457680608 0.0 0.0
90.0 1.79847908745 1.49837908745 0.0 0.0
90.0 1.80228136882 1.50218136882 0.0 0.0
90.0 1.80608365019 1.50598365019 0.0 0.0
90.0 1.80988593156 1.50978593156 0.0 0.0
90.0 1.81368821293 1.51358821293 0.0 0.0
90.0 1.8174904943 1.5173904943 0.0 0.0
90.0 1.82129277567 1.52119277567 0.0 0.0
90.0 1.82509505703 1.52499505703 0.0 0.0
90.0 1.8288973384 1.5287973384 0.0 0.0
90.0 1.83269961977 1.53259961977 0.0 0.0
90.0 1.83650190114 1.53640190114 0.0 0.0
90.0 1.84030418251 1.54020418251 0.0 0.0
90.0 1.84410646388 1.54400646388 0.0 0.0
90.0 1.84790874525 1.54780874525 0.0 0.0
90.0 1.85171102662 1.55161102662 0.0 0.0
90.0 1.85551330798 1.55541330798 0.0 0.0
90.0 1.85931558935 1.55921558935 0.0 0.0
90.0 1.86311787072 1.56301787072 0.0 0.0
90.0 1.86692015209 1.56682015209 0.0 0.0
90.0 1.87072243346 1.57062243346 0.0 0.0
90.0 1.87452471483 1.57442471483 0.0 0.0
90.0 1.8783269962 1.5782269962 0.0 0.0
90.0 1.88212927757 1.58202927757 0.0 0.0
90.0 1.88593155894 1.58583155894 0.0 0.0
90.0 1.8897338403 1.5896338403 0.0 0.0
90.0 1.89353612167 1.59343612167 0.0 0.0
90.0 1.89733840304 1.59723840304 0.0 0.0
90.0 1.90114068441 1.60104068441 0.0 0.0
90.0 1.90494296578 1.60484296578 0.0 0.0
90.0 1.90874524715 1.60864524715 0.0 0.0
90.0 1.91254752852 1.61244752852 0.0 0.0
90.0 1.91634980989 1.61624980989 0.0 0.0
90.0 1.92015209125 1.62005209125 0.0 0.0
90.0 1.92395437262 1.62385437262 0.0 0.0
90.0 1.92775665399 1.62765665399 0.0 0.0
90.0 1.93155893536 1.63145893536 0.0 0.0
90.0 1.93536121673 1.63526121673 0.0 0.0
90.0 1.9391634981 1.6390634981 0.0 0.0
90.0 1.94296577947 1.64286577947 0.0 0.0
90.0 1.94676806084 1.64666806084 0.0 0.0
90.0 1.95057034221 1.65047034221 0.0 0.0
90.0 1.95437262357 1.65427262357 0.0 0.0
90.0 1.95817490494 1.65807490494 0.0 0.0
90.0 1.96197718631 1.66187718631 0.0 0.0
90.0 1.96577946768 1.66567946768 0.0 0.0
90.0 1.96958174905 1.66948174905 0.0 0.0
90.0 1.97338403042 1.67328403042 0.0 0.0
90.0 1.97718631179 1.67708631179 0.0 0.0
90.0 1.98098859316 1.68088859316 0.0 0.0
90.0 1.98479087452 1.68469087452 0.0 0.0
90.0 1.98859315589 1.68849315589 0.0 0.0
90.0 1.99239543726 1.69229543726 0.0 0.0
90.0 1.99619771863 1.69609771863 0.0 0.0
90.0 2.0 1.6999 0.0 0.0
90.0 2.00380228137 1.70370228137 0.0 0.0
90.0 2.00760456274 1.70750456274 0.0 0.0
90.0 2.01140684411 1.71130684411 0.0 0.0
90.0 2.01520912548 1.71510912548 0.0 0.0
90.0 2.01901140684 1.71891140684 0.0 0.0
90.0 2.02281368821 1.72271368821 0.0 0.0
90.0 2.02661596958 1.72651596958 0.0 0.0
90.0 2.03041825095 1.73031825095 0.0 0.0
90.0 2.03422053232 1.73412053232 0.0 0.0
90.0 2.03802281369 1.73792281369 0.0 0.0
90.0 2.04182509506 1.74172509506 0.0 0.0
90.0 2.04562737643 1.74552737643 0.0 0.0
90.0 2.04942965779 1.74932965779 0.0 0.0
90.0 2.05323193916 1.75313193916 0.0 0.0
90.0 2.05703422053 1.75693422053 0.0 0.0
90.0 2.0608365019 1.7607365019 0.0 0.0
90.0 2.06463878327 1.76453878327 0.0 0.0
90.0 2.06844106464 1.76834106464 0.0 0.0
90.0 2.07224334601 1.77214334601 0.0 0.0
90.0 2.07604562738 1.77594562738 0.0 0.0
90.0 2.07984790875 1.77974790875 0.0 0.0
90.0 2.08365019011 1.78355019011 0.0 0.0
90.0 2.08745247148 1.78735247148 0.0 0.0
90.0 2.09125475285 1.79115475285 0.0 0.0
90.0 2.09505703422 1.79495703422 0.0 0.0
90.0 2.09885931559 1.79875931559 0.0 0.0
90.0 2.10266159696 1.80256159696 0.0 0.0
90.0 2.10646387833 1.80636387833 0.0 0.0
90.0 2.1102661597 1.8101661597 0.0 0.0
90.0 2.11406844106 1.81396844106 0.0 0.0
90.0 2.11787072243 1.81777072243 0.0 0.0
90.0 2.1216730038 1.8215730038 0.0 0.0
90.0 2.12547528517 1.82537528517 0.0 0.0
90.0 2.12927756654 1.82917756654 0.0 0.0
90.0 2.13307984791 1.83297984791 0.0 0.0
90.0 2.13688212928 1.83678212928 0.0 0.0
90.0 2.14068441065 1.84058441065 0.0 0.0
90.0 2.14448669202 1.84438669202 0.0 0.0
90.0 2.14828897338 1.84818897338 0.0 0.0
90.0 2.15209125475 1.85199125475 0.0 0.0
90.0 2.15589353612 1.85579353612 0.0 0.0
90.0 2.15969581749 1.85959581749 0.0 0.0
90.0 2.16349809886 1.86339809886 0.0 0.0
90.0 2.16730038023 1.86720038023 0.0 0.0
90.0 2.1711026616 1.8710026616 0.0 0.0
90.0 2.17490494297 1.87480494297 0.0 0.0
90.0 2.17870722433 1.87860722433 0.0 0.0
90.0 2.1825095057 1.8824095057 0.0 0.0
90.0 2.18631178707 1.88621178707 0.0 0.0
90.0 2.19011406844 1.89001406844 0.0 0.0
90.0 2.19391634981 1.89381634981 0.0 0.0
90.0 2.19771863118 1.89761863118 0.0 0.0
90.0 2.20152091255 1.90142091255 0.0 0.0
90.0 2.20532319392 1.90522319392 0.0 0.0
90.0 2.20912547529 1.90902547529 0.0 0.0
90.0 2.21292775665 1.91282775665 0.0 0.0
90.0 2.21673003802 1.91663003802 0.0 0.0
90.0 2.22053231939 1.92043231939 0.0 0.0
90.0 2.22433460076 1.92423460076 0.0 0.0
90.0 2.22813688213 1.92803688213 0.0 0.0
90.0 2.2319391635 1.9318391635 0.0 0.0
90.0 2.23574144487 1.93564144487 0.0 0.0
90.0 2.23954372624 1.93944372624 0.0 0.0
90.0 2.2433460076 1.9432460076 0.0 0.0
90.0 2.24714828897 1.94704828897 0.0 0.0
90.0 2.25095057034 1.95085057034 0.0 0.0
90.0 2.25475285171 1.95465285171 0.0 0.0
90.0 2.25855513308 1.95845513308 0.0 0.0
90.0 2.26235741445 1.96225741445 0.0 0.0
90.0 2.26615969582 1.96605969582 0.0 0.0
90.0 2.26996197719 1.96986197719 0.0 0.0
90.0 2.27376425856 1.97366425856 0.0 0.0
90.0 2.27756653992 1.97746653992 0.0 0.0
90.0 2.28136882129 1.98126882129 0.0 0.0
90.0 2.28517110266 1.98507110266 0.0 0.0
90.0 2.28897338403 1.98887338403 0.0 0.0

# phi, xD, zD =  180.0 -0.0001 0.2
# (t in s) (c0 tau in cm) (p(tau) in au)
180.0 0.0 0.2 5.94180937067e-23 1.06939696298e-28
180.0 0.00380228136882 0.203802281369 1.25223376501e-22 2.25374949228e-28
180.0 0.00760456273764 0.207604562738 4.16733922984e-22 7.50030779864e-28
180.0 0.0114068441065 0.211406844106 1.28191081634e-21 2.30716175543e-27
180.0 0.0152091254753 0.215209125475 4.34134394404e-21 7.8134785877e-27
180.0 0.0190114068441 0.219011406844 1.36599820799e-20 2.45850084364e-26
180.0 0.0228136882129 0.222813688213 4.22942803956e-20 7.61205420517e-26
180.0 0.0266159695817 0.226615969582 1.3150870547e-19 2.36687179715e-25
180.0 0.0304182509506 0.230418250951 3.98724406123e-19 7.17617551108e-25
180.0 0.0342205323194 0.234220532319 1.24127100427e-18 2.23401889793e-24
180.0 0.0380228136882 0.238022813688 3.5675807547e-18 6.42087247546e-24
180.0 0.041825095057 0.241825095057 1.09088730036e-17 1.96336081012e-23
180.0 0.0456273764259 0.245627376426 3.14387544004e-17 5.65829470086e-23
180.0 0.0494296577947 0.249429657795 9.04212997153e-17 1.62738750558e-22
180.0 0.0532319391635 0.253231939163 2.65628886986e-16 4.7807445056e-22
180.0 0.0570342205323 0.257034220532 7.26271392611e-16 1.30713116679e-21
180.0 0.0608365019011 0.260836501901 2.07857721582e-15 3.74098868416e-21
180.0 0.06463878327 0.26463878327 5.6015794284e-15 1.00816294413e-20
180.0 0.0684410646388 0.268441064639 1.57858388693e-14 2.84110901103e-20
180.0 0.0722433460076 0.272243346008 4.17492161635e-14 7.5139544517e-20
180.0 0.0760456273764 0.276045627376 1.11781061355e-13 2.01181694118e-19
180.0 0.0798479087452 0.279847908745 3.01071349595e-13 5.41863204978e-19
180.0 0.0836501901141 0.283650190114 7.61654037489e-13 1.37081226226e-18
180.0 0.0874524714829 0.287452471483 2.00162460199e-12 3.60249065034e-18
180.0 0.0912547528517 0.291254752852 5.01790645207e-12 9.03114453122e-18
180.0 0.0950570342205 0.295057034221 1.29634690693e-11 2.33314359104e-17
180.0 0.0988593155894 0.298859315589 3.18968944452e-11 5.74074998375e-17
180.0 0.102661596958 0.302661596958 7.825767881e-11 1.40846868064e-16
180.0 0.106463878327 0.306463878327 1.93822142076e-10 3.48837865982e-16
180.0 0.110266159696 0.310266159696 4.53200305932e-10 8.15662369069e-16
180.0 0.114068441065 0.314068441065 1.12017611071e-09 2.0160743236e-15
180.0 0.117870722433 0.317870722433 2.57421250656e-09 4.63302483274e-15
180.0 0.121673003802 0.321673003802 6.06628491612e-09 1.09179986451e-14
180.0 0.125475285171 0.325475285171 1.38891050684e-08 2.49973801783e-14
180.0 0.12927756654 0.32927756654 3.13385449378e-08 5.64025916853e-14
180.0 0.133079847909 0.333079847909 7.18079286375e-08 1.29238715031e-13
180.0 0.136882129278 0.336882129278 1.55267245351e-07 2.79447404435e-13
180.0 0.140684410646 0.340684410646 3.50833687932e-07 6.3142463344e-13
180.0 0.144486692015 0.344486692015 7.49470644909e-07 1.34888479503e-12
180.0 0.148288973384 0.348288973384 1.6333258467e-06 2.9396326793e-12
180.0 0.152091254753 0.352091254753 3.44637943999e-06 6.20273636611e-12
180.0 0.155893536122 0.355893536122 7.23729300514e-06 1.30255595174e-11
180.0 0.15969581749 0.35969581749 1.51920906107e-05 2.73424718749e-11
180.0 0.163498098859 0.363498098859 3.09447213729e-05 5.56937945867e-11
180.0 0.167300380228 0.367300380228 6.32375035931e-05 1.13813806654e-10
180.0 0.171102661597 0.371102661597 0.000126054740271 2.26871223907e-10
180.0 0.174904942966 0.374904942966 0.000251942284483 4.53441531129e-10
180.0 0.178707224335 0.378707224335 0.000489904069176 8.81721191382e-10
180.0 0.182509505703 0.382509505703 0.000954116646862 1.7172032639e-09
180.0 0.186311787072 0.386311787072 0.00185337797492 3.33567883786e-09
180.0 0.190114068441 0.390114068441 0.00350297695846 6.30459963802e-09
180.0 0.19391634981 0.39391634981 0.00655513655646 1.17978256926e-08
180.0 0.197718631179 0.397718631179 0.01222074285 2.19946896203e-08
180.0 0.201520912548 0.401520912548 0.022460073684 4.04232668662e-08
180.0 0.205323193916 0.405323193916 0.0405817934743 7.30384365876e-08
180.0 0.209125475285 0.409125475285 0.0730206177827 1.31421292775e-07
180.0 0.212927756654 0.412927756654 0.130507798466 2.34885763945e-07
180.0 0.216730038023 0.416730038023 0.228941907377 4.12045835155e-07
180.0 0.220532319392 0.420532319392 0.395802155322 7.12358132743e-07
180.0 0.22433460076 0.42433460076 0.681608168424 1.22674703913e-06
180.0 0.228136882129 0.428136882129 1.15887571609 2.08572522937e-06
180.0 0.231939163498 0.431939163498 1.94057819352 3.49262034021e-06
180.0 0.235741444867 0.435741444867 3.25424093519 5.85692868247e-06
180.0 0.239543726236 0.439543726236 5.32016625563 9.57514669587e-06
180.0 0.243346007605 0.443346007605 8.70581849481 1.56685872565e-05
180.0 0.247148288973 0.447148288973 14.018161999 2.52296546945e-05
180.0 0.250950570342 0.450950570342 22.3553810562 4.02348428169e-05
180.0 0.254752851711 0.454752851711 34.8939574627 6.28015639832e-05
180.0 0.25855513308 0.45855513308 54.6849470288 9.84210576694e-05
180.0 0.262357414449 0.462357414449 85.1669822622 0.000153282117442
180.0 0.266159695817 0.466159695817 127.448021213 0.000229378827762
180.0 0.269961977186 0.469961977186 195.836251206 0.000352462826078
180.0 0.273764258555 0.473764258555 290.552244511 0.000522931094694
180.0 0.277566539924 0.477566539924 433.155935315 0.000779586844384
180.0 0.281368821293 0.481368821293 631.393437066 0.00113637140124
180.0 0.285171102662 0.485171102662 915.75757891 0.00164816525172
180.0 0.28897338403 0.48897338403 1325.00294701 0.00238471825513
180.0 0.292775665399 0.492775665399 1855.60467518 0.00333968641592
180.0 0.296577946768 0.496577946768 2662.5820417 0.00479207085157
180.0 0.300380228137 0.500380228137 3654.26863982 0.00657689188855
180.0 0.304182509506 0.504182509506 5067.52391323 0.00912044521215
180.0 0.307984790875 0.507984790875 6951.66389763 0.0125114890028
180.0 0.311787072243 0.511787072243 9359.20026963 0.0168445329021
180.0 0.315589353612 0.515589353612 12657.9868894 0.0227816341665
180.0 0.319391634981 0.519391634981 16494.9579733 0.0296873508736
180.0 0.32319391635 0.52319391635 22040.2082993 0.0396676001338
180.0 0.326996197719 0.526996197719 28547.4386655 0.0513792050623
180.0 0.330798479087 0.530798479087 37044.9390108 0.0666728647798
180.0 0.334600760456 0.534600760456 47085.241583 0.0847432342721
180.0 0.338403041825 0.538403041825 59134.6595698 0.106429576255
180.0 0.342205323194 0.542205323194 74832.1718301 0.134681697604
180.0 0.346007604563 0.546007604563 91329.1624921 0.164372706877
180.0 0.349809885932 0.549809885932 113827.018907 0.204863974473
180.0 0.3536121673 0.5536121673 135263.943489 0.243445794612
180.0 0.357414448669 0.557414448669 165756.665293 0.298326087897
180.0 0.361216730038 0.561216730038 195765.715823 0.35233587767
180.0 0.365019011407 0.565019011407 226937.447675 0.40843824194
180.0 0.368821292776 0.568821292776 265827.009714 0.478431028549
180.0 0.372623574144 0.572623574144 301185.621905 0.54206887038
180.0 0.376425855513 0.576425855513 344872.363294 0.620695540556
180.0 0.380228136882 0.580228136882 378701.388219 0.681580456679
180.0 0.384030418251 0.584030418251 427351.836802 0.769140724465
180.0 0.38783269962 0.58783269962 459312.672196 0.826663304157
180.0 0.391634980989 0.591634980989 491838.053144 0.885201943544
180.0 0.395437262357 0.595437262357 522222.951937 0.939888178767
180.0 0.399239543726 0.599239543726 536100.196918 0.964864213357
180.0 0.403041825095 0.603041825095 549759.557396 0.989448103046
180.0 0.406844106464 0.606844106464 553251.518567 0.995732876653
180.0 0.410646387833 0.610646387833 555622.428002 1.0
180.0 0.414448669202 0.614448669202 532825.372844 0.958970239484
180.0 0.41825095057 0.61825095057 515410.802358 0.927627785314
180.0 0.422053231939 0.622053231939 482788.818761 0.868915282087
180.0 0.425855513308 0.625855513308 445741.117734 0.802237446276
180.0 0.429657794677 0.629657794677 414237.586695 0.745537915351
180.0 0.433460076046 0.633460076046 357631.502049 0.643659226168
180.0 0.437262357414 0.637262357414 320175.380066 0.576246321117
180.0 0.441064638783 0.641064638783 264579.343221 0.476185499157
180.0 0.444866920152 0.644866920152 247371.792463 0.445215635649
180.0 0.448669201521 0.648669201521 220147.268493 0.39621739044
180.0 0.45247148289 0.65247148289 185457.287977 0.333782940772
180.0 0.456273764259 0.656273764259 172503.999524 0.310469827764
180.0 0.460076045627 0.660076045627 127447.856704 0.22937853168
180.0 0.463878326996 0.663878326996 150951.038626 0.271679167395
180.0 0.467680608365 0.667680608365 127408.857323 0.229308341244
180.0 0.471482889734 0.671482889734 93465.1616963 0.1682170427
180.0 0.475285171103 0.675285171103 77953.1682742 0.140298815069
180.0 0.479087452471 0.679087452471 88756.3718062 0.159742241013
180.0 0.48288973384 0.68288973384 70381.9107543 0.126672191775
180.0 0.486692015209 0.686692015209 33381.6062869 0.0600796595036
180.0 0.490494296578 0.690494296578 39086.962424 0.0703480645383
180.0 0.494296577947 0.694296577947 20615.5455137 0.0371035157596
180.0 0.498098859316 0.698098859316 32972.4859475 0.0593433315248
180.0 0.501901140684 0.701901140684 -1474.254558 -0.00265333882094
180.0 0.505703422053 0.705703422053 -11558.4294778 -0.0208026690344
180.0 0.509505703422 0.709505703422 1093.27415994 0.00196765664027
180.0 0.513307984791 0.713307984791 -18341.3059303 -0.033010377202
180.0 0.51711026616 0.71711026616 -31608.5360999 -0.056888517286
180.0 0.520912547529 0.720912547529 -49241.4464702 -0.0886239359475
180.0 0.524714828897 0.724714828897 -32708.3671321 -0.0588679748759
180.0 0.528517110266 0.728517110266 -82508.0281953 -0.148496576159
180.0 0.532319391635 0.732319391635 -61622.9654493 -0.110907987769
180.0 0.536121673004 0.736121673004 -41061.6811943 -0.0739021305206
180.0 0.539923954373 0.739923954373 -100935.140921 -0.181661387004
180.0 0.543726235741 0.743726235741 -87044.0542799 -0.156660440423
180.0 0.54752851711 0.74752851711 -96748.5539546 -0.174126437449
180.0 0.551330798479 0.751330798479 -115331.337429 -0.207571421917
180.0 0.555133079848 0.755133079848 -129079.824223 -0.232315719665
180.0 0.558935361217 0.758935361217 -98455.1650261 -0.177197967656
180.0 0.562737642586 0.762737642586 -132568.312898 -0.238594243532
180.0 0.566539923954 0.766539923954 -158385.115493 -0.285058895233
180.0 0.570342205323 0.770342205323 -135377.559572 -0.243650278947
180.0 0.574144486692 0.774144486692 -176460.890338 -0.317591374007
180.0 0.577946768061 0.777946768061 -164116.879085 -0.295374827966
180.0 0.58174904943 0.78174904943 -187466.676729 -0.33739940521
180.0 0.585551330798 0.785551330798 -186772.859549 -0.336150684594
180.0 0.589353612167 0.789353612167 -207196.22056 -0.372908309885
180.0 0.593155893536 0.793155893536 -216714.540254 -0.390039223279
180.0 0.596958174905 0.796958174905 -220413.735855 -0.396696973964
180.0 0.600760456274 0.800760456274 -247530.844722 -0.445501895256
180.0 0.604562737643 0.804562737643 -260402.860571 -0.468668735183
180.0 0.608365019011 0.808365019011 -305990.318721 -0.550716283757
180.0 0.61216730038 0.81216730038 -282275.896816 -0.508035461835
180.0 0.615969581749 0.815969581749 -352948.547699 -0.635230922855
180.0 0.619771863118 0.819771863118 -332711.680728 -0.598808946435
180.0 0.623574144487 0.823574144487 -376830.296216 -0.678212896428
180.0 0.627376425856 0.827376425856 -437852.566544 -0.788039763116
180.0 0.631178707224 0.831178707224 -413088.292687 -0.743469435121
180.0 0.634980988593 0.834980988593 -487202.318502 -0.876858625477
180.0 0.638783269962 0.838783269962 -453457.007454 -0.816124376196
180.0 0.642585551331 0.842585551331 -493418.330401 -0.888046100254
180.0 0.6463878327 0.8463878327 -457789.672834 -0.823922235249
180.0 0.650190114068 0.850190114068 -442819.624483 -0.796979391338
180.0 0.653992395437 0.853992395437 -453214.418775 -0.81568776913
180.0 0.657794676806 0.857794676806 -392206.920461 -0.705887488868
180.0 0.661596958175 0.861596958175 -401830.11852 -0.723207160599
180.0 0.665399239544 0.865399239544 -343211.708445 -0.617706721594
180.0 0.669201520913 0.869201520913 -319845.115314 -0.575651916111
180.0 0.673003802281 0.873003802281 -279678.988144 -0.503361588822
180.0 0.67680608365 0.87680608365 -242478.399385 -0.436408588216
180.0 0.680608365019 0.880608365019 -217200.622256 -0.390914065577
180.0 0.684410646388 0.884410646388 -175888.953149 -0.316562010971
180.0 0.688212927757 0.888212927757 -158613.464518 -0.285469874009
180.0 0.692015209125 0.892015209125 -125851.998833 -0.226506333242
180.0 0.695817490494 0.895817490494 -105211.80767 -0.189358460652
180.0 0.699619771863 0.899619771863 -84094.8750045 -0.15135255664
180.0 0.703422053232 0.903422053232 -67345.8924662 -0.121208016581
180.0 0.707224334601 0.907224334601 -53271.9020612 -0.0958778828508
180.0 0.71102661597 0.91102661597 -40498.2750017 -0.0728881214305
180.0 0.714828897338 0.914828897338 -32773.8120265 -0.0589857615078
180.0 0.718631178707 0.918631178707 -23751.8118109 -0.0427481156518
180.0 0.722433460076 0.922433460076 -18342.0249377 -0.0330116712598
180.0 0.726235741445 0.926235741445 -13264.4556114 -0.0238731464803
180.0 0.730038022814 0.930038022814 -9788.30129241 -0.0176168217824
180.0 0.733840304183 0.933840304183 -7034.0090778 -0.0126596924878
180.0 0.737642585551 0.937642585551 -4992.3283192 -0.00898510943332
180.0 0.74144486692 0.94144486692 -3542.36891453 -0.00637549662505
180.0 0.745247148289 0.945247148289 -2409.89429857 -0.00433728765636
180.0 0.749049429658 0.949049429658 -1704.15170179 -0.00306710387469
180.0 0.752851711027 0.952851711027 -1126.07869726 -0.00202669770064
180.0 0.756653992395 0.956653992395 -771.99781955 -0.00138942882908
180.0 0.760456273764 0.960456273764 -499.546789492 -0.000899075998946
180.0 0.764258555133 0.964258555133 -330.680662225 -0.000595153553132
180.0 0.768060836502 0.968060836502 -210.15542592 -0.000378234238449
180.0 0.771863117871 0.971863117871 -135.908884839 -0.000244606549321
180.0 0.77566539924 0.97566539924 -85.2136021066 -0.000153366023062
180.0 0.779467680608 0.979467680608 -52.724123899 -9.48920008298e-05
180.0 0.783269961977 0.983269961977 -32.5841624724 -5.86444333961e-05
180.0 0.787072243346 0.987072243346 -19.6985546242 -3.5453130816e-05
180.0 0.790874524715 0.990874524715 -11.9697118661 -2.15428882329e-05
180.0 0.794676806084 0.994676806084 -7.03547365307 -1.26623284059e-05
180.0 0.798479087452 0.998479087452 -4.25769654437 -7.66293138972e-06
180.0 0.802281368821 1.00228136882 -2.44027830403 -4.39197228378e-06
180.0 0.80608365019 1.00608365019 -1.44674242735 -2.603822946e-06
180.0 0.809885931559 1.00988593156 -0.834154193879 -1.50129683728e-06
180.0 0.813688212928 1.01368821293 -0.493437858807 -8.88081247154e-07
180.0 0.817490494297 1.0174904943 -0.290401538889 -5.22659857223e-07
180.0 0.821292775665 1.02129277567 -0.179911992062 -3.23802609461e-07
180.0 0.825095057034 1.02509505703 -0.111796720366 -2.01209876944e-07
180.0 0.828897338403 1.0288973384 -0.0742368067088 -1.33610169366e-07
180.0 0.832699619772 1.03269961977 -0.0513726523303 -9.24596447898e-08
180.0 0.836501901141 1.03650190114 -0.0377821657194 -6.7999713142e-08
180.0 0.84030418251 1.04030418251 -0.0289347161915 -5.2076220709e-08
180.0 0.844106463878 1.04410646388 -0.0230325501293 -4.14536004462e-08
180.0 0.847908745247 1.04790874525 -0.0190630394327 -3.43093411496e-08
180.0 0.851711026616 1.05171102662 -0.015755838725 -2.83570963499e-08
180.0 0.855513307985 1.05551330798 -0.0134711239806 -2.42451047721e-08
180.0 0.859315589354 1.05931558935 -0.0113967717798 -2.05117201996e-08
180.0 0.863117870722 1.06311787072 -0.00988748950639 -1.77953390794e-08
180.0 0.866920152091 1.06692015209 -0.00844269538993 -1.51950226709e-08
180.0 0.87072243346 1.07072243346 -0.00729340877504 -1.31265557463e-08
180.0 0.874524714829 1.07452471483 -0.00630536425299 -1.13482896572e-08
180.0 0.878326996198 1.0783269962 -0.00552605770193 -9.94570669474e-09
180.0 0.882129277567 1.08212927757 -0.00477190390574 -8.58839324198e-09
180.0 0.885931558935 1.08593155894 -0.00408973763243 -7.36064173496e-09
180.0 0.889733840304 1.0897338403 -0.00364769812195 -6.56506637982e-09
180.0 0.893536121673 1.09353612167 -0.00315810445347 -5.68390384245e-09
180.0 0.897338403042 1.09733840304 -0.00275033667505 -4.95001018038e-09
180.0 0.901140684411 1.10114068441 -0.00236698943891 -4.26006820392e-09
180.0 0.904942965779 1.10494296578 -0.00208245631563 -3.74797022344e-09
180.0 0.908745247148 1.10874524715 -0.00184198806971 -3.31517947599e-09
180.0 0.912547528517 1.11254752852 -0.00159644659989 -2.87325802457e-09
180.0 0.916349809886 1.11634980989 -0.00138859520624 -2.49917054507e-09
180.0 0.920152091255 1.12015209125 -0.00122349364989 -2.20202351134e-09
180.0 0.923954372624 1.12395437262 -0.00108168719721 -1.94680261756e-09
180.0 0.927756653992 1.12775665399 -0.0009327934029 -1.67882604425e-09
180.0 0.931558935361 1.13155893536 -0.000817873675191 -1.47199543066e-09
180.0 0.93536121673 1.13536121673 -0.000732102706683 -1.31762626882e-09
180.0 0.939163498099 1.1391634981 -0.000638505839901 -1.1491721855e-09
180.0 0.942965779468 1.14296577947 -0.000550362407084 -9.90533101882e-10
180.0 0.946768060837 1.14676806084 -0.000487271206958 -8.76982609775e-10
180.0 0.950570342205 1.15057034221 -0.000436749938935 -7.86055272293e-10
180.0 0.954372623574 1.15437262357 -0.000377433821501 -6.79299111194e-10
180.0 0.958174904943 1.15817490494 -0.000327045805815 -5.88611599052e-10
180.0 0.961977186312 1.16197718631 -0.00029230665342 -5.26088650653e-10
180.0 0.965779467681 1.16577946768 -0.000259792045163 -4.67569399776e-10
180.0 0.969581749049 1.16958174905 -0.000223757848211 -4.02715651734e-10
180.0 0.973384030418 1.17338403042 -0.000193380765034 -3.48043482927e-10
180.0 0.977186311787 1.17718631179 -0.000172976941823 -3.11321021444e-10
180.0 0.980988593156 1.18098859316 -0.000153489020492 -2.76246984925e-10
180.0 0.984790874525 1.18479087452 -0.00013022901861 -2.34384020598e-10
180.0 0.988593155894 1.18859315589 -0.000112589711085 -2.02637088444e-10
180.0 0.992395437262 1.19239543726 -0.000100076972478 -1.8011686972e-10
180.0 0.996197718631 1.19619771863 -8.57978830142e-05 -1.54417602116e-10
180.0 1.0 1.2 -7.14249879955e-05 -1.28549504836e-10
180.0 1.00380228137 1.20380228137 -6.05165286384e-05 -1.08916641209e-10
180.0 1.00760456274 1.20760456274 -5.15879959125e-05 -9.28472165856e-11
180.0 1.01140684411 1.21140684411 -4.14837539295e-05 -7.46617700057e-11
180.0 1.01520912548 1.21520912548 -3.26828682959e-05 -5.88220824948e-11
180.0 1.01901140684 1.21901140684 -2.5881544432e-05 -4.6581172983e-11
180.0 1.02281368821 1.22281368821 -2.03777266153e-05 -3.66754932636e-11
180.0 1.02661596958 1.22661596958 -1.52527429989e-05 -2.74516330339e-11
180.0 1.03041825095 1.23041825095 -1.09908121608e-05 -1.97810808328e-11
180.0 1.03422053232 1.23422053232 -8.20521981598e-06 -1.47676180846e-11
180.0 1.03802281369 1.23802281369 -5.90097448696e-06 -1.06204756856e-11
180.0 1.04182509506 1.24182509506 -3.93580388392e-06 -7.08359433596e-12
180.0 1.04562737643 1.24562737643 -2.67511813566e-06 -4.81463310486e-12
180.0 1.04942965779 1.24942965779 -1.8397167886e-06 -3.31109166204e-12
180.0 1.05323193916 1.25323193916 -1.1796497846e-06 -2.12311405219e-12
180.0 1.05703422053 1.25703422053 -7.38150784463e-07 -1.32851149857e-12
180.0 1.0608365019 1.2608365019 -4.56202335849e-07 -8.21065372558e-13
180.0 1.06463878327 1.26463878327 -2.7852327023e-07 -5.01281546952e-13
180.0 1.06844106464 1.26844106464 -1.67346693689e-07 -3.01187794544e-13
180.0 1.07224334601 1.27224334601 -9.69936243865e-08 -1.74567511134e-13
180.0 1.07604562738 1.27604562738 -5.49410030064e-08 -9.8881902957e-14
180.0 1.07984790875 1.27984790875 -3.04419908884e-08 -5.47889886264e-14
180.0 1.08365019011 1.28365019011 -1.64758317351e-08 -2.96529277883e-14
180.0 1.08745247148 1.28745247148 -8.80584740255e-09 -1.58486176201e-14
180.0 1.09125475285 1.29125475285 -4.6086053728e-09 -8.29449125977e-15
180.0 1.09505703422 1.29505703422 -2.34908085532e-09 -4.22783663318e-15
180.0 1.09885931559 1.29885931559 -1.16906251331e-09 -2.10405925749e-15
180.0 1.10266159696 1.30266159696 -5.69939894114e-10 -1.02576833726e-15
180.0 1.10646387833 1.30646387833 -2.75060472283e-10 -4.9504926083e-16
180.0 1.1102661597 1.3102661597 -1.30067475924e-10 -2.3409327876e-16
180.0 1.11406844106 1.31406844106 -5.9540625733e-11 -1.071602274e-16
180.0 1.11787072243 1.31787072243 -2.66355405528e-11 -4.79382026542e-17
180.0 1.1216730038 1.3216730038 -1.17803317028e-11 -2.12020449664e-17
180.0 1.12547528517 1.32547528517 -5.19373752502e-12 -9.34760237037e-18
180.0 1.12927756654 1.32927756654 -2.19358278138e-12 -3.9479737873e-18
180.0 1.13307984791 1.33307984791 -9.13458116518e-13 -1.64402671757e-18
180.0 1.13688212928 1.33688212928 -3.71566651484e-13 -6.68739476231e-19
180.0 1.14068441065 1.34068441065 -1.47834480303e-13 -2.66070037588e-19
180.0 1.14448669202 1.34448669202 -5.82574516469e-14 -1.04850792032e-19
180.0 1.14828897338 1.34828897338 -2.2638302029e-14 -4.07440392758e-20
180.0 1.15209125475 1.35209125475 -8.57348409791e-15 -1.54304140111e-20
180.0 1.15589353612 1.35589353612 -3.13489607206e-15 -5.64213378379e-21
180.0 1.15969581749 1.35969581749 -1.14257016439e-15 -2.05637876876e-21
180.0 1.16349809886 1.36349809886 -4.20396904556e-16 -7.56623353142e-22
180.0 1.16730038023 1.36730038023 -1.44638332071e-16 -2.60317663185e-22
180.0 1.1711026616 1.3711026616 -4.88360169026e-17 -8.78942505582e-23
180.0 1.17490494297 1.37490494297 -1.72929338404e-17 -3.11235345602e-23
180.0 1.17870722433 1.37870722433 -5.60946119898e-18 -1.00958149208e-23
180.0 1.1825095057 1.3825095057 -1.78300124758e-18 -3.20901597509e-24
180.0 1.18631178707 1.38631178707 -6.05161075354e-19 -1.08915883315e-24
180.0 1.19011406844 1.39011406844 -1.8049118187e-19 -3.2484502564e-25
180.0 1.19391634981 1.39391634981 -5.78709422091e-20 -1.04155158778e-25
180.0 1.19771863118 1.39771863118 -1.73953175305e-20 -3.13078030221e-26
180.0 1.20152091255 1.40152091255 -5.07682047053e-21 -9.13717700126e-27
180.0 1.20532319392 1.40532319392 -1.55305589289e-21 -2.79516415217e-27
180.0 1.20912547529 1.40912547529 -4.26043336148e-22 -7.66785706762e-28
180.0 1.21292775665 1.41292775665 -1.28616208999e-22 -2.31481312699e-28
180.0 1.21673003802 1.41673003802 -3.36168605141e-23 -6.05030661469e-29
180.0 1.22053231939 1.42053231939 -9.94287715614e-24 -1.78950248497e-29
180.0 1.22433460076 1.42433460076 -2.48004841965e-24 -4.46354987607e-30
180.0 1.22813688213 1.42813688213 -7.100903727e-25 -1.27800883642e-30
180.0 1.2319391635 1.4319391635 -1.71931374214e-25 -3.0943922626e-31
180.0 1.23574144487 1.43574144487 -4.72002504048e-26 -8.49502252358e-32
180.0 1.23954372624 1.43954372624 -1.11612278052e-26 -2.00877920737e-32
180.0 1.2433460076 1.4433460076 -2.91862481348e-27 -5.25289237148e-33
180.0 1.24714828897 1.44714828897 -6.75006538784e-28 -1.21486553596e-33
180.0 1.25095057034 1.45095057034 -1.67958232684e-28 -3.02288432251e-34
180.0 1.25475285171 1.45475285171 -3.83188092419e-29 -6.89655552237e-35
180.0 1.25855513308 1.45855513308 -9.02567629056e-30 -1.62442619946e-35
180.0 1.26235741445 1.46235741445 -2.06675111656e-30 -3.71970426751e-36
180.0 1.26615969582 1.46615969582 -4.51955317029e-31 -8.13421658759e-37
180.0 1.26996197719 1.46996197719 -1.05504779967e-31 -1.89885747317e-37
180.0 1.27376425856 1.47376425856 -2.14353603294e-32 -3.85790048226e-38
180.0 1.27756653992 1.47756653992 -4.03423496054e-33 -7.26074894969e-39
180.0 1.28136882129 1.48136882129 -3.19761825211e-34 -5.7550201197e-40
180.0 1.28517110266 1.48517110266 -7.47574504089e-36 -1.34547215233e-41
180.0 1.28897338403 1.48897338403 -2.50454710395e-37 -4.5076422004e-43
180.0 1.2927756654 1.4927756654 -9.0447920397e-39 -1.62786662018e-44
180.0 1.29657794677 1.49657794677 -3.22773498093e-40 -5.80922370707e-46
180.0 1.30038022814 1.50038022814 -1.19235416372e-41 -2.14597918232e-47
180.0 1.30418250951 1.50418250951 -4.41272831325e-43 -7.94195498752e-49
180.0 1.30798479087 1.50798479087 -1.49288858258e-44 -2.68687602829e-50
180.0 1.31178707224 1.51178707224 -5.48656003647e-46 -9.87461945372e-52
180.0 1.31558935361 1.51558935361 -1.87726870689e-47 -3.37867697969e-53
180.0 1.31939163498 1.51939163498 -6.43509136691e-49 -1.15817703581e-54
180.0 1.32319391635 1.52319391635 -2.37404827276e-50 -4.2727725756e-56
180.0 1.32699619772 1.52699619772 -7.1496245657e-52 -1.28677753189e-57
180.0 1.33079847909 1.53079847909 -2.29532158519e-53 -4.13108159339e-59
180.0 1.33460076046 1.53460076046 -7.92480369694e-55 -1.42629298199e-60
180.0 1.33840304183 1.53840304183 -2.49436816382e-56 -4.48932231334e-62
180.0 1.34220532319 1.54220532319 -7.61111407682e-58 -1.36983564616e-63
180.0 1.34600760456 1.54600760456 -2.34597087978e-59 -4.22223935095e-65
180.0 1.34980988593 1.54980988593 -7.04528214595e-61 -1.26799815682e-66
180.0 1.3536121673 1.5536121673 -2.16275998174e-62 -3.8924994254e-68
180.0 1.35741444867 1.55741444867 -6.35898519828e-64 -1.14447957422e-69
180.0 1.36121673004 1.56121673004 -1.73952501865e-65 -3.13076818174e-71
180.0 1.36501901141 1.56501901141 -4.79925649938e-67 -8.63762198485e-73
180.0 1.36882129278 1.56882129278 -1.38501941408e-68 -2.49273489383e-74
180.0 1.37262357414 1.57262357414 -2.38708877621e-70 -4.29624265671e-76
180.0 1.37642585551 1.57642585551 0.0 0.0
180.0 1.38022813688 1.58022813688 0.0 0.0
180.0 1.38403041825 1.58403041825 0.0 0.0
180.0 1.38783269962 1.58783269962 0.0 0.0
180.0 1.39163498099 1.59163498099 0.0 0.0
180.0 1.39543726236 1.59543726236 0.0 0.0
180.0 1.39923954373 1.59923954373 0.0 0.0
180.0 1.4030418251 1.6030418251 0.0 0.0
180.0 1.40684410646 1.60684410646 0.0 0.0
180.0 1.41064638783 1.61064638783 0.0 0.0
180.0 1.4144486692 1.6144486692 0.0 0.0
180.0 1.41825095057 1.61825095057 0.0 0.0
180.0 1.42205323194 1.62205323194 0.0 0.0
180.0 1.42585551331 1.62585551331 0.0 0.0
180.0 1.42965779468 1.62965779468 0.0 0.0
180.0 1.43346007605 1.63346007605 0.0 0.0
180.0 1.43726235741 1.63726235741 0.0 0.0
180.0 1.44106463878 1.64106463878 0.0 0.0
180.0 1.44486692015 1.64486692015 0.0 0.0
180.0 1.44866920152 1.64866920152 0.0 0.0
180.0 1.45247148289 1.65247148289 0.0 0.0
180.0 1.45627376426 1.65627376426 0.0 0.0
180.0 1.46007604563 1.66007604563 0.0 0.0
180.0 1.463878327 1.663878327 0.0 0.0
180.0 1.46768060837 1.66768060837 0.0 0.0
180.0 1.47148288973 1.67148288973 0.0 0.0
180.0 1.4752851711 1.6752851711 0.0 0.0
180.0 1.47908745247 1.67908745247 0.0 0.0
180.0 1.48288973384 1.68288973384 0.0 0.0
180.0 1.48669201521 1.68669201521 0.0 0.0
180.0 1.49049429658 1.69049429658 0.0 0.0
180.0 1.49429657795 1.69429657795 0.0 0.0
180.0 1.49809885932 1.69809885932 0.0 0.0
180.0 1.50190114068 1.70190114068 0.0 0.0
180.0 1.50570342205 1.70570342205 0.0 0.0
180.0 1.50950570342 1.70950570342 0.0 0.0
180.0 1.51330798479 1.71330798479 0.0 0.0
180.0 1.51711026616 1.71711026616 0.0 0.0
180.0 1.52091254753 1.72091254753 0.0 0.0
180.0 1.5247148289 1.7247148289 0.0 0.0
180.0 1.52851711027 1.72851711027 0.0 0.0
180.0 1.53231939163 1.73231939163 0.0 0.0
180.0 1.536121673 1.736121673 0.0 0.0
180.0 1.53992395437 1.73992395437 0.0 0.0
180.0 1.54372623574 1.74372623574 0.0 0.0
180.0 1.54752851711 1.74752851711 0.0 0.0
180.0 1.55133079848 1.75133079848 0.0 0.0
180.0 1.55513307985 1.75513307985 0.0 0.0
180.0 1.55893536122 1.75893536122 0.0 0.0
180.0 1.56273764259 1.76273764259 0.0 0.0
180.0 1.56653992395 1.76653992395 0.0 0.0
180.0 1.57034220532 1.77034220532 0.0 0.0
180.0 1.57414448669 1.77414448669 0.0 0.0
180.0 1.57794676806 1.77794676806 0.0 0.0
180.0 1.58174904943 1.78174904943 0.0 0.0
180.0 1.5855513308 1.7855513308 0.0 0.0
180.0 1.58935361217 1.78935361217 0.0 0.0
180.0 1.59315589354 1.79315589354 0.0 0.0
180.0 1.5969581749 1.7969581749 0.0 0.0
180.0 1.60076045627 1.80076045627 0.0 0.0
180.0 1.60456273764 1.80456273764 0.0 0.0
180.0 1.60836501901 1.80836501901 0.0 0.0
180.0 1.61216730038 1.81216730038 0.0 0.0
180.0 1.61596958175 1.81596958175 0.0 0.0
180.0 1.61977186312 1.81977186312 0.0 0.0
180.0 1.62357414449 1.82357414449 0.0 0.0
180.0 1.62737642586 1.82737642586 0.0 0.0
180.0 1.63117870722 1.83117870722 0.0 0.0
180.0 1.63498098859 1.83498098859 0.0 0.0
180.0 1.63878326996 1.83878326996 0.0 0.0
180.0 1.64258555133 1.84258555133 0.0 0.0
180.0 1.6463878327 1.8463878327 0.0 0.0
180.0 1.65019011407 1.85019011407 0.0 0.0
180.0 1.65399239544 1.85399239544 0.0 0.0
180.0 1.65779467681 1.85779467681 0.0 0.0
180.0 1.66159695817 1.86159695817 0.0 0.0
180.0 1.66539923954 1.86539923954 0.0 0.0
180.0 1.66920152091 1.86920152091 0.0 0.0
180.0 1.67300380228 1.87300380228 0.0 0.0
180.0 1.67680608365 1.87680608365 0.0 0.0
180.0 1.68060836502 1.88060836502 0.0 0.0
180.0 1.68441064639 1.88441064639 0.0 0.0
180.0 1.68821292776 1.88821292776 0.0 0.0
180.0 1.69201520913 1.89201520913 0.0 0.0
180.0 1.69581749049 1.89581749049 0.0 0.0
180.0 1.69961977186 1.89961977186 0.0 0.0
180.0 1.70342205323 1.90342205323 0.0 0.0
180.0 1.7072243346 1.9072243346 0.0 0.0
180.0 1.71102661597 1.91102661597 0.0 0.0
180.0 1.71482889734 1.91482889734 0.0 0.0
180.0 1.71863117871 1.91863117871 0.0 0.0
180.0 1.72243346008 1.92243346008 0.0 0.0
180.0 1.72623574144 1.92623574144 0.0 0.0
180.0 1.73003802281 1.93003802281 0.0 0.0
180.0 1.73384030418 1.93384030418 0.0 0.0
180.0 1.73764258555 1.93764258555 0.0 0.0
180.0 1.74144486692 1.94144486692 0.0 0.0
180.0 1.74524714829 1.94524714829 0.0 0.0
180.0 1.74904942966 1.94904942966 0.0 0.0
180.0 1.75285171103 1.95285171103 0.0 0.0
180.0 1.7566539924 1.9566539924 0.0 0.0
180.0 1.76045627376 1.96045627376 0.0 0.0
180.0 1.76425855513 1.96425855513 0.0 0.0
180.0 1.7680608365 1.9680608365 0.0 0.0
180.0 1.77186311787 1.97186311787 0.0 0.0
180.0 1.77566539924 1.97566539924 0.0 0.0
180.0 1.77946768061 1.97946768061 0.0 0.0
180.0 1.78326996198 1.98326996198 0.0 0.0
180.0 1.78707224335 1.98707224335 0.0 0.0
180.0 1.79087452471 1.99087452471 0.0 0.0
180.0 1.79467680608 1.99467680608 0.0 0.0
180.0 1.79847908745 1.99847908745 0.0 0.0
180.0 1.80228136882 2.00228136882 0.0 0.0
180.0 1.80608365019 2.00608365019 0.0 0.0
180.0 1.80988593156 2.00988593156 0.0 0.0
180.0 1.81368821293 2.01368821293 0.0 0.0
180.0 1.8174904943 2.0174904943 0.0 0.0
180.0 1.82129277567 2.02129277567 0.0 0.0
180.0 1.82509505703 2.02509505703 0.0 0.0
180.0 1.8288973384 2.0288973384 0.0 0.0
180.0 1.83269961977 2.03269961977 0.0 0.0
180.0 1.83650190114 2.03650190114 0.0 0.0
180.0 1.84030418251 2.04030418251 0.0 0.0
180.0 1.84410646388 2.04410646388 0.0 0.0
180.0 1.84790874525 2.04790874525 0.0 0.0
180.0 1.85171102662 2.05171102662 0.0 0.0
180.0 1.85551330798 2.05551330798 0.0 0.0
180.0 1.85931558935 2.05931558935 0.0 0.0
180.0 1.86311787072 2.06311787072 0.0 0.0
180.0 1.86692015209 2.06692015209 0.0 0.0
180.0 1.87072243346 2.07072243346 0.0 0.0
180.0 1.87452471483 2.07452471483 0.0 0.0
180.0 1.8783269962 2.0783269962 0.0 0.0
180.0 1.88212927757 2.08212927757 0.0 0.0
180.0 1.88593155894 2.08593155894 0.0 0.0
180.0 1.8897338403 2.0897338403 0.0 0.0
180.0 1.89353612167 2.09353612167 0.0 0.0
180.0 1.89733840304 2.09733840304 0.0 0.0
180.0 1.90114068441 2.10114068441 0.0 0.0
180.0 1.90494296578 2.10494296578 0.0 0.0
180.0 1.90874524715 2.10874524715 0.0 0.0
180.0 1.91254752852 2.11254752852 0.0 0.0
180.0 1.91634980989 2.11634980989 0.0 0.0
180.0 1.92015209125 2.12015209125 0.0 0.0
180.0 1.92395437262 2.12395437262 0.0 0.0
180.0 1.92775665399 2.12775665399 0.0 0.0
180.0 1.93155893536 2.13155893536 0.0 0.0
180.0 1.93536121673 2.13536121673 0.0 0.0
180.0 1.9391634981 2.1391634981 0.0 0.0
180.0 1.94296577947 2.14296577947 0.0 0.0
180.0 1.94676806084 2.14676806084 0.0 0.0
180.0 1.95057034221 2.15057034221 0.0 0.0
180.0 1.95437262357 2.15437262357 0.0 0.0
180.0 1.95817490494 2.15817490494 0.0 0.0
180.0 1.96197718631 2.16197718631 0.0 0.0
180.0 1.96577946768 2.16577946768 0.0 0.0
180.0 1.96958174905 2.16958174905 0.0 0.0
180.0 1.97338403042 2.17338403042 0.0 0.0
180.0 1.97718631179 2.17718631179 0.0 0.0
180.0 1.98098859316 2.18098859316 0.0 0.0
180.0 1.98479087452 2.18479087452 0.0 0.0
180.0 1.98859315589 2.18859315589 0.0 0.0
180.0 1.99239543726 2.19239543726 0.0 0.0
180.0 1.99619771863 2.19619771863 0.0 0.0
180.0 2.0 2.2 0.0 0.0
180.0 2.00380228137 2.20380228137 0.0 0.0
180.0 2.00760456274 2.20760456274 0.0 0.0
180.0 2.01140684411 2.21140684411 0.0 0.0
180.0 2.01520912548 2.21520912548 0.0 0.0
180.0 2.01901140684 2.21901140684 0.0 0.0
180.0 2.02281368821 2.22281368821 0.0 0.0
180.0 2.02661596958 2.22661596958 0.0 0.0
180.0 2.03041825095 2.23041825095 0.0 0.0
180.0 2.03422053232 2.23422053232 0.0 0.0
180.0 2.03802281369 2.23802281369 0.0 0.0
180.0 2.04182509506 2.24182509506 0.0 0.0
180.0 2.04562737643 2.24562737643 0.0 0.0
180.0 2.04942965779 2.24942965779 0.0 0.0
180.0 2.05323193916 2.25323193916 0.0 0.0
180.0 2.05703422053 2.25703422053 0.0 0.0
180.0 2.0608365019 2.2608365019 0.0 0.0
180.0 2.06463878327 2.26463878327 0.0 0.0
180.0 2.06844106464 2.26844106464 0.0 0.0
180.0 2.07224334601 2.27224334601 0.0 0.0
180.0 2.07604562738 2.27604562738 0.0 0.0
180.0 2.07984790875 2.27984790875 0.0 0.0
180.0 2.08365019011 2.28365019011 0.0 0.0
180.0 2.08745247148 2.28745247148 0.0 0.0
180.0 2.09125475285 2.29125475285 0.0 0.0
180.0 2.09505703422 2.29505703422 0.0 0.0
180.0 2.09885931559 2.29885931559 0.0 0.0
180.0 2.10266159696 2.30266159696 0.0 0.0
180.0 2.10646387833 2.30646387833 0.0 0.0
180.0 2.1102661597 2.3102661597 0.0 0.0
180.0 2.11406844106 2.31406844106 0.0 0.0
180.0 2.11787072243 2.31787072243 0.0 0.0
180.0 2.1216730038 2.3216730038 0.0 0.0
180.0 2.12547528517 2.32547528517 0.0 0.0
180.0 2.12927756654 2.32927756654 0.0 0.0
180.0 2.13307984791 2.33307984791 0.0 0.0
180.0 2.13688212928 2.33688212928 0.0 0.0
180.0 2.14068441065 2.34068441065 0.0 0.0
180.0 2.14448669202 2.34448669202 0.0 0.0
180.0 2.14828897338 2.34828897338 0.0 0.0
180.0 2.15209125475 2.35209125475 0.0 0.0
180.0 2.15589353612 2.35589353612 0.0 0.0
180.0 2.15969581749 2.35969581749 0.0 0.0
180.0 2.16349809886 2.36349809886 0.0 0.0
180.0 2.16730038023 2.36730038023 0.0 0.0
180.0 2.1711026616 2.3711026616 0.0 0.0
180.0 2.17490494297 2.37490494297 0.0 0.0
180.0 2.17870722433 2.37870722433 0.0 0.0
180.0 2.1825095057 2.3825095057 0.0 0.0
180.0 2.18631178707 2.38631178707 0.0 0.0
180.0 2.19011406844 2.39011406844 0.0 0.0
180.0 2.19391634981 2.39391634981 0.0 0.0
180.0 2.19771863118 2.39771863118 0.0 0.0
180.0 2.20152091255 2.40152091255 0.0 0.0
180.0 2.20532319392 2.40532319392 0.0 0.0
180.0 2.20912547529 2.40912547529 0.0 0.0
180.0 2.21292775665 2.41292775665 0.0 0.0
180.0 2.21673003802 2.41673003802 0.0 0.0
180.0 2.22053231939 2.42053231939 0.0 0.0
180.0 2.22433460076 2.42433460076 0.0 0.0
180.0 2.22813688213 2.42813688213 0.0 0.0
180.0 2.2319391635 2.4319391635 0.0 0.0
180.0 2.23574144487 2.43574144487 0.0 0.0
180.0 2.23954372624 2.43954372624 0.0 0.0
180.0 2.2433460076 2.4433460076 0.0 0.0
180.0 2.24714828897 2.44714828897 0.0 0.0
180.0 2.25095057034 2.45095057034 0.0 0.0
180.0 2.25475285171 2.45475285171 0.0 0.0
180.0 2.25855513308 2.45855513308 0.0 0.0
180.0 2.26235741445 2.46235741445 0.0 0.0
180.0 2.26615969582 2.46615969582 0.0 0.0
180.0 2.26996197719 2.46996197719 0.0 0.0
180.0 2.27376425856 2.47376425856 0.0 0.0
180.0 2.27756653992 2.47756653992 0.0 0.0
180.0 2.28136882129 2.48136882129 0.0 0.0
180.0 2.28517110266 2.48517110266 0.0 0.0
180.0 2.28897338403 2.48897338403 0.0 0.0

# phi, xD, zD =  270.0 0.5 0.7001
# (t in s) (c0 tau in cm) (p(tau) in au)
270.0 0.0 0.7001 1.1826984546 3.96070129662e-07
270.0 0.00380228136882 0.703902281369 1.21882451525 4.08168271392e-07
270.0 0.00760456273764 0.707704562738 1.26205210031 4.22644620078e-07
270.0 0.0114068441065 0.711506844106 1.25865723673 4.21507724993e-07
270.0 0.0152091254753 0.715309125475 1.30487667235 4.36986005014e-07
270.0 0.0190114068441 0.719111406844 1.37558618796 4.6066569015e-07
270.0 0.0228136882129 0.722913688213 1.44230008743 4.83007296084e-07
270.0 0.0266159695817 0.726715969582 1.51193792791 5.06328091339e-07
270.0 0.0304182509506 0.730518250951 1.57337726245 5.26903314976e-07
270.0 0.0342205323194 0.734320532319 1.70291874336 5.70285050145e-07
270.0 0.0380228136882 0.738122813688 1.82472413304 6.11076070285e-07
270.0 0.041825095057 0.741925095057 1.9563322369 6.55149890252e-07
270.0 0.0456273764259 0.745727376426 2.06196317873 6.90524300917e-07
270.0 0.0494296577947 0.749529657795 2.24853179405 7.5300367203e-07
270.0 0.0532319391635 0.753331939163 2.44150529622 8.17627955362e-07
270.0 0.0570342205323 0.757134220532 2.6655765575 8.92666468488e-07
270.0 0.0608365019011 0.760936501901 2.85252473564 9.55272950189e-07
270.0 0.06463878327 0.76473878327 3.09278787423 1.03573390969e-06
270.0 0.0684410646388 0.768541064639 3.42932488823 1.14843572159e-06
270.0 0.0722433460076 0.772343346008 3.67131963504 1.22947657387e-06
270.0 0.0760456273764 0.776145627376 4.06466540859 1.36120289086e-06
270.0 0.0798479087452 0.779947908745 4.46812686047 1.49631681524e-06
270.0 0.0836501901141 0.783750190114 4.66620827113 1.56265166982e-06
270.0 0.0874524714829 0.787552471483 5.21563624001 1.74664785755e-06
270.0 0.0912547528517 0.791354752852 5.83667504276 1.95462557002e-06
270.0 0.0950570342205 0.795157034221 6.24081196392 2.08996570016e-06
270.0 0.0988593155894 0.798959315589 6.8399359472 2.29060442833e-06
270.0 0.102661596958 0.802761596958 7.36539490785 2.46657371101e-06
270.0 0.106463878327 0.806563878327 7.99547526932 2.67757932236e-06
270.0 0.110266159696 0.810366159696 8.52990836434 2.8565539244e-06
270.0 0.114068441065 0.814168441065 9.09983042241 3.04741331257e-06
270.0 0.117870722433 0.817970722433 9.72427014879 3.25652994956e-06
270.0 0.121673003802 0.821773003802 10.3367537235 3.46164262887e-06
270.0 0.125475285171 0.825575285171 11.1769369262 3.74300891353e-06
270.0 0.12927756654 0.82937756654 11.8446169343 3.96660615115e-06
270.0 0.133079847909 0.833179847909 12.5306938269 4.19636426299e-06
270.0 0.136882129278 0.836982129278 13.8331670429 4.63254538213e-06
270.0 0.140684410646 0.840784410646 14.7120086182 4.92685784643e-06
270.0 0.144486692015 0.844586692015 15.515409362 5.19590617022e-06
270.0 0.148288973384 0.848388973384 16.8230732695 5.63382558355e-06
270.0 0.152091254753 0.852191254753 18.7040258242 6.26373181141e-06
270.0 0.155893536122 0.855993536122 19.6184401905 6.5699571347e-06
270.0 0.15969581749 0.85979581749 21.2420201294 7.1136726646e-06
270.0 0.163498098859 0.863598098859 23.5554731109 7.88841758691e-06
270.0 0.167300380228 0.867400380228 24.9553254347 8.35720968625e-06
270.0 0.171102661597 0.871202661597 27.0807245187 9.06897783602e-06
270.0 0.174904942966 0.875004942966 29.4150619683 9.85071669155e-06
270.0 0.178707224335 0.878807224335 31.9627870025 1.07039162377e-05
270.0 0.182509505703 0.882609505703 35.2651077875 1.18098199584e-05
270.0 0.186311787072 0.886411787072 37.5197688267 1.25648762339e-05
270.0 0.190114068441 0.890214068441 40.7503767663 1.36467642676e-05
270.0 0.19391634981 0.89401634981 44.1899982324 1.47986481775e-05
270.0 0.197718631179 0.897818631179 47.7684941682 1.59970393175e-05
270.0 0.201520912548 0.901620912548 52.8766256014 1.77076852317e-05
270.0 0.205323193916 0.905423193916 56.2252843076 1.88291069117e-05
270.0 0.209125475285 0.909225475285 61.5816179199 2.06228724655e-05
270.0 0.212927756654 0.913027756654 67.8834281893 2.27332656945e-05
270.0 0.216730038023 0.916830038023 72.186454914 2.41742926495e-05
270.0 0.220532319392 0.920632319392 78.5889089817 2.63183901605e-05
270.0 0.22433460076 0.92443460076 86.2477046093 2.88832199068e-05
270.0 0.228136882129 0.928236882129 92.8667973695 3.10998668616e-05
270.0 0.231939163498 0.932039163498 98.8944950587 3.3118463399e-05
270.0 0.235741444867 0.935841444867 110.407640007 3.69740639495e-05
270.0 0.239543726236 0.939643726236 121.017770114 4.05272567273e-05
270.0 0.243346007605 0.943446007605 127.190691259 4.25944866867e-05
270.0 0.247148288973 0.947248288973 138.999290942 4.65490311349e-05
270.0 0.250950570342 0.951050570342 154.956657764 5.18929430353e-05
270.0 0.254752851711 0.954852851711 166.510651859 5.57622234269e-05
270.0 0.25855513308 0.95865513308 178.541379971 5.97911557592e-05
270.0 0.262357414449 0.962457414449 193.801431399 6.49015459218e-05
270.0 0.266159695817 0.966259695817 212.705792169 7.12323672669e-05
270.0 0.269961977186 0.970061977186 234.295492635 7.84624734954e-05
270.0 0.273764258555 0.973864258555 248.198583577 8.31184354701e-05
270.0 0.277566539924 0.977666539924 273.292089034 9.15219198251e-05
270.0 0.281368821293 0.981468821293 297.429982645 9.96053823639e-05
270.0 0.285171102662 0.985271102662 318.087619278 0.000106523352695
270.0 0.28897338403 0.98907338403 349.211625287 0.000116946372229
270.0 0.292775665399 0.992875665399 385.515591072 0.000129104092044
270.0 0.296577946768 0.996677946768 413.845028497 0.000138591247379
270.0 0.300380228137 1.00048022814 444.963788167 0.000149012509984
270.0 0.304182509506 1.00428250951 491.177050317 0.00016448872259
270.0 0.307984790875 1.00808479087 524.588269078 0.00017567769954
270.0 0.311787072243 1.01188707224 581.465258394 0.000194725053872
270.0 0.315589353612 1.01568935361 627.494724122 0.000210139715477
270.0 0.319391634981 1.01949163498 686.062247674 0.000229753207452
270.0 0.32319391635 1.02329391635 743.377350508 0.000248947280229
270.0 0.326996197719 1.02709619772 796.580255189 0.000266764232025
270.0 0.330798479087 1.03089847909 885.178175403 0.000296434508173
270.0 0.334600760456 1.03470076046 962.372428314 0.00032228584639
270.0 0.338403041825 1.03850304183 1033.53941045 0.00034611873104
270.0 0.342205323194 1.04230532319 1126.0147242 0.000377087495195
270.0 0.346007604563 1.04610760456 1239.66331747 0.000415146911688
270.0 0.349809885932 1.04990988593 1326.27626211 0.000444152445669
270.0 0.3536121673 1.0537121673 1448.12886608 0.000484959277257
270.0 0.357414448669 1.05751444867 1605.05748441 0.000537512603905
270.0 0.361216730038 1.06131673004 1712.04148617 0.000573340136515
270.0 0.365019011407 1.06511901141 1869.8689121 0.000626194461983
270.0 0.368821292776 1.06892129278 2030.34700803 0.000679936461911
270.0 0.372623574144 1.07272357414 2230.59939424 0.000746998347604
270.0 0.376425855513 1.07652585551 2435.45037801 0.000815600243032
270.0 0.380228136882 1.08032813688 2603.57134075 0.000871901738356
270.0 0.384030418251 1.08413041825 2847.5333187 0.000953601390419
270.0 0.38783269962 1.08793269962 3125.42026324 0.00104666206681
270.0 0.391634980989 1.09173498099 3403.9224244 0.00113992877115
270.0 0.395437262357 1.09553726236 3666.40042878 0.00122782919651
270.0 0.399239543726 1.09933954373 4038.24261642 0.00135235424589
270.0 0.403041825095 1.1031418251 4354.83240099 0.00145837599348
270.0 0.406844106464 1.10694410646 4712.1371158 0.00157803263476
270.0 0.410646387833 1.11074638783 5197.15057587 0.00174045725219
270.0 0.414448669202 1.1145486692 5697.54217878 0.00190803180703
270.0 0.41825095057 1.11835095057 6067.53941374 0.00203193900608
270.0 0.422053231939 1.12215323194 6624.31100001 0.00221839447451
270.0 0.425855513308 1.12595551331 7379.3905579 0.00247126066981
270.0 0.429657794677 1.12975779468 8001.84628209 0.0026797128906
270.0 0.433460076046 1.13356007605 8472.79785308 0.00283742836665
270.0 0.437262357414 1.13736235741 9384.69370883 0.00314281027394
270.0 0.441064638783 1.14116463878 10341.0804718 0.00346309159987
270.0 0.444866920152 1.14496692015 10923.700076 0.00365820322894
270.0 0.448669201521 1.14876920152 12303.4830607 0.00412027437102
270.0 0.45247148289 1.15257148289 13282.2846444 0.00444806212509
270.0 0.456273764259 1.15637376426 14153.6149753 0.00473985917261
270.0 0.460076045627 1.16017604563 15789.5263935 0.00528770435242
270.0 0.463878326996 1.163978327 17201.789032 0.00576065250262
270.0 0.467680608365 1.16778060837 18404.3515424 0.00616337484285
270.0 0.471482889734 1.17158288973 20208.0009352 0.00676739326029
270.0 0.475285171103 1.1753851711 22120.1582315 0.00740774954498
270.0 0.479087452471 1.17918745247 24118.73367 0.00807704612685
270.0 0.48288973384 1.18298973384 26072.0847462 0.00873119766566
270.0 0.486692015209 1.18679201521 28365.4056883 0.00949920063324
270.0 0.490494296578 1.19059429658 31165.1042504 0.0104367827939
270.0 0.494296577947 1.19439657795 33758.8371754 0.0113053897765
270.0 0.498098859316 1.19819885932 37084.1398814 0.0124189898398
270.0 0.501901140684 1.20200114068 40236.3178727 0.0134746127172
270.0 0.505703422053 1.20580342205 43436.6869715 0.0145463741616
270.0 0.509505703422 1.20960570342 47580.6791355 0.0159341425376
270.0 0.513307984791 1.21340798479 52218.3270842 0.0174872297318
270.0 0.51711026616 1.21721026616 56774.1456374 0.0190129133395
270.0 0.520912547529 1.22101254753 61650.5578478 0.020645959539
270.0 0.524714828897 1.2248148289 67378.7000199 0.0225642388806
270.0 0.528517110266 1.22861711027 72489.2957327 0.0242757100496
270.0 0.532319391635 1.23241939163 80049.8994581 0.0268076566216
270.0 0.536121673004 1.236221673 86845.1809993 0.0290833068777
270.0 0.539923954373 1.24002395437 94907.5419552 0.0317832853353
270.0 0.543726235741 1.24382623574 104143.255038 0.0348762039603
270.0 0.54752851711 1.24762851711 112130.639165 0.0375510736659
270.0 0.551330798479 1.25143079848 122287.825383 0.0409525815029
270.0 0.555133079848 1.25523307985 134264.377289 0.0449633709378
270.0 0.558935361217 1.25903536122 146040.381644 0.0489069996404
270.0 0.562737642586 1.26283764259 157796.074188 0.0528438261847
270.0 0.566539923954 1.26663992395 175020.793332 0.0586121576796
270.0 0.570342205323 1.27044220532 189196.269915 0.0633593380167
270.0 0.574144486692 1.27424448669 202709.071346 0.0678845971763
270.0 0.577946768061 1.27804676806 226496.906299 0.0758508296829
270.0 0.58174904943 1.28184904943 246288.219038 0.0824786795562
270.0 0.585551330798 1.2856513308 264931.822849 0.0887221768317
270.0 0.589353612167 1.28945361217 289440.632793 0.0969298543631
270.0 0.593155893536 1.29325589354 318266.03351 0.106583101271
270.0 0.596958174905 1.2970581749 347001.033806 0.116206074268
270.0 0.600760456274 1.30086045627 375024.547877 0.125590779904
270.0 0.604562737643 1.30466273764 412854.078916 0.138259391421
270.0 0.608365019011 1.30846501901 445569.069605 0.149215210763
270.0 0.61216730038 1.31226730038 487768.764309 0.163347332512
270.0 0.615969581749 1.31606958175 533305.428792 0.178596961474
270.0 0.619771863118 1.31987186312 576440.051195 0.193042178191
270.0 0.623574144487 1.32367414449 641240.545013 0.214743009784
270.0 0.627376425856 1.32747642586 692217.869222 0.231814644004
270.0 0.631178707224 1.33127870722 746822.680072 0.250101075705
270.0 0.634980988593 1.33508098859 822620.942589 0.275484915133
270.0 0.638783269962 1.33888326996 899185.481466 0.301125370418
270.0 0.642585551331 1.34268555133 975005.277131 0.326516421014
270.0 0.6463878327 1.3464878327 1063018.42284 0.355990863883
270.0 0.650190114068 1.35029011407 1158282.3445 0.387893496088
270.0 0.653992395437 1.35409239544 1265537.86295 0.423811956058
270.0 0.657794676806 1.35789467681 1390976.81987 0.465819809993
270.0 0.661596958175 1.36169695817 1491375.53884 0.499442018164
270.0 0.665399239544 1.36549923954 1643468.1686 0.550375835956
270.0 0.669201520913 1.36930152091 1815102.01578 0.607853749994
270.0 0.673003802281 1.37310380228 1953984.18777 0.654363559535
270.0 0.67680608365 1.37690608365 2122883.24705 0.710925629139
270.0 0.680608365019 1.38070836502 2303386.80202 0.771373891452
270.0 0.684410646388 1.38451064639 2544285.61984 0.852047731548
270.0 0.688212927757 1.38831292776 2806886.95399 0.939989458422
270.0 0.692015209125 1.39211520913 2986083.43833 1.0
270.0 0.695817490494 1.39591749049 -1964806.55189 -0.657987826686
270.0 0.699619771863 1.39971977186 -8121487.77278 -2.71977924948
270.0 0.703422053232 1.40352205323 -9248614.08091 -3.09723899949
270.0 0.707224334601 1.4073243346 -7854758.30111 -2.63045506374
270.0 0.71102661597 1.41112661597 -4967030.57345 -1.66339309535
270.0 0.714828897338 1.41492889734 -2498393.89109 -0.836679196242
270.0 0.718631178707 1.41873117871 -1072368.33688 -0.359122026905
270.0 0.722433460076 1.42253346008 -411314.216404 -0.137743711755
270.0 0.726235741445 1.42633574144 -141337.537315 -0.0473320790375
270.0 0.730038022814 1.43013802281 -45152.5066436 -0.0151209795627
270.0 0.733840304183 1.43394030418 -13413.2299448 -0.00449191398092
270.0 0.737642585551 1.43774258555 -3775.85854124 -0.00126448527619
270.0 0.74144486692 1.44154486692 -1008.93579743 -0.000337879305208
270.0 0.745247148289 1.44534714829 -254.302254214 -8.51624743468e-05
270.0 0.749049429658 1.44914942966 -62.2342457689 -2.08414289333e-05
270.0 0.752851711027 1.45295171103 -14.5107192851 -4.85944870089e-06
270.0 0.756653992395 1.4567539924 -3.27119978981 -1.09548170953e-06
270.0 0.760456273764 1.46055627376 -0.717443376652 -2.40262334081e-07
270.0 0.764258555133 1.46435855513 -0.150223615253 -5.0307909459e-08
270.0 0.768060836502 1.4681608365 -0.0308863665101 -1.03434371973e-08
270.0 0.771863117871 1.47196311787 -0.00615935112738 -2.0626855393e-09
270.0 0.77566539924 1.47576539924 -0.00119619859792 -4.00591149787e-10
270.0 0.779467680608 1.47956768061 -0.000223855229742 -7.49661670095e-11
270.0 0.783269961977 1.48336996198 -4.13996707022e-05 -1.38642042519e-11
270.0 0.787072243346 1.48717224335 -7.45177208148e-06 -2.49550028838e-12
270.0 0.790874524715 1.49097452471 -1.300814375e-06 -4.35625595155e-13
270.0 0.794676806084 1.49477680608 -2.22878487485e-07 -7.46390688968e-14
270.0 0.798479087452 1.49857908745 -3.76195159957e-08 -1.25982802466e-14
270.0 0.802281368821 1.50238136882 -6.15161851036e-09 -2.06009598774e-15
270.0 0.80608365019 1.50618365019 -9.89114607556e-10 -3.31241449874e-16
270.0 0.809885931559 1.50998593156 -1.56821210092e-10 -5.25173570433e-17
270.0 0.813688212928 1.51378821293 -2.40994629539e-11 -8.07059261792e-18
270.0 0.817490494297 1.5175904943 -3.67736120901e-12 -1.23149981739e-18
270.0 0.821292775665 1.52139277567 -5.4954097588e-13 -1.8403403228e-19
270.0 0.825095057034 1.52519505703 -8.0321271258e-14 -2.68985354619e-20
270.0 0.828897338403 1.5289973384 -1.14820557745e-14 -3.84518919569e-21
270.0 0.832699619772 1.53279961977 -1.62590618076e-15 -5.44494557618e-22
270.0 0.836501901141 1.53660190114 -2.24689158762e-16 -7.52454388507e-23
270.0 0.84030418251 1.54040418251 -3.06096347065e-17 -1.02507633623e-23
270.0 0.844106463878 1.54420646388 -4.09850333965e-18 -1.37253476813e-24
270.0 0.847908745247 1.54800874525 -5.33978242868e-19 -1.78822278043e-25
270.0 0.851711026616 1.55181102662 -6.96887857283e-20 -2.33378561476e-26
270.0 0.855513307985 1.55561330798 -8.85096967188e-21 -2.96407312611e-27
270.0 0.859315589354 1.55941558935 -1.0549703811e-21 -3.53295680745e-28
270.0 0.863117870722 1.56321787072 -1.1021462441e-22 -3.6909425569e-29
270.0 0.866920152091 1.56702015209 -1.18994405069e-23 -3.98496584327e-30
270.0 0.87072243346 1.57082243346 -1.2993570128e-24 -4.35137543755e-31
270.0 0.874524714829 1.57462471483 -1.40837523542e-25 -4.71646310128e-32
270.0 0.878326996198 1.5784269962 -1.5221254033e-26 -5.09739742621e-33
270.0 0.882129277567 1.58222927757 -1.59065520431e-27 -5.32689470057e-34
270.0 0.885931558935 1.58603155894 -1.68310903287e-28 -5.63651039106e-35
270.0 0.889733840304 1.5898338403 -1.72665710554e-29 -5.7823471487e-36
270.0 0.893536121673 1.59363612167 -1.79142800435e-30 -5.99925635486e-37
270.0 0.897338403042 1.59743840304 -1.78741860797e-31 -5.98582941462e-38
270.0 0.901140684411 1.60124068441 -1.75619315462e-32 -5.88125948552e-39
270.0 0.904942965779 1.60504296578 -1.72198434695e-33 -5.76669869586e-40
270.0 0.908745247148 1.60884524715 -1.66042993227e-34 -5.56056107126e-41
270.0 0.912547528517 1.61264752852 -1.56639782104e-35 -5.24565992007e-42
270.0 0.916349809886 1.61644980989 -1.45528207452e-36 -4.87354792515e-43
270.0 0.920152091255 1.62025209125 -1.33692315449e-37 -4.47717949649e-44
270.0 0.923954372624 1.62405437262 -1.20704145761e-38 -4.04222280635e-45
270.0 0.927756653992 1.62785665399 -1.08050573773e-39 -3.61847135236e-46
270.0 0.931558935361 1.63165893536 -9.32444817536e-41 -3.12263483856e-47
270.0 0.93536121673 1.63546121673 -8.07791136737e-42 -2.70518608546e-48
270.0 0.939163498099 1.6392634981 -6.86945044426e-43 -2.30048844452e-49
270.0 0.942965779468 1.64306577947 -5.55285618671e-44 -1.85957837461e-50
270.0 0.946768060837 1.64686806084 -4.51760468606e-45 -1.51288628713e-51
270.0 0.950570342205 1.65067034221 -3.60440573472e-46 -1.20706799028e-52
270.0 0.954372623574 1.65447262357 -2.86599388477e-47 -9.59783590767e-54
270.0 0.958174904943 1.65827490494 -2.19673044671e-48 -7.35656083321e-55
270.0 0.961977186312 1.66207718631 -1.65463025369e-49 -5.54113871183e-56
270.0 0.965779467681 1.66587946768 -1.2022814654e-50 -4.02628221961e-57
270.0 0.969581749049 1.66968174905 -8.53315577522e-52 -2.85764143952e-58
270.0 0.973384030418 1.67348403042 -5.77054611821e-53 -1.93247986447e-59
270.0 0.977186311787 1.67728631179 -3.63711434309e-54 -1.21802167227e-60
270.0 0.980988593156 1.68108859316 -2.20800762827e-55 -7.3943266284e-62
270.0 0.984790874525 1.68489087452 -1.19596245926e-56 -4.0051207006e-63
270.0 0.988593155894 1.68869315589 -5.30561058384e-58 -1.77677907983e-64
270.0 0.992395437262 1.69249543726 -1.40449270503e-59 -4.70346101855e-66
270.0 0.996197718631 1.69629771863 0.0 0.0
270.0 1.0 1.7001 0.0 0.0
270.0 1.00380228137 1.70390228137 0.0 0.0
270.0 1.00760456274 1.70770456274 0.0 0.0
270.0 1.01140684411 1.71150684411 0.0 0.0
270.0 1.01520912548 1.71530912548 0.0 0.0
270.0 1.01901140684 1.71911140684 0.0 0.0
270.0 1.02281368821 1.72291368821 0.0 0.0
270.0 1.02661596958 1.72671596958 0.0 0.0
270.0 1.03041825095 1.73051825095 0.0 0.0
270.0 1.03422053232 1.73432053232 0.0 0.0
270.0 1.03802281369 1.73812281369 0.0 0.0
270.0 1.04182509506 1.74192509506 0.0 0.0
270.0 1.04562737643 1.74572737643 0.0 0.0
270.0 1.04942965779 1.74952965779 0.0 0.0
270.0 1.05323193916 1.75333193916 0.0 0.0
270.0 1.05703422053 1.75713422053 0.0 0.0
270.0 1.0608365019 1.7609365019 0.0 0.0
270.0 1.06463878327 1.76473878327 0.0 0.0
270.0 1.06844106464 1.76854106464 0.0 0.0
270.0 1.07224334601 1.77234334601 0.0 0.0
270.0 1.07604562738 1.77614562738 0.0 0.0
270.0 1.07984790875 1.77994790875 0.0 0.0
270.0 1.08365019011 1.78375019011 0.0 0.0
270.0 1.08745247148 1.78755247148 0.0 0.0
270.0 1.09125475285 1.79135475285 0.0 0.0
270.0 1.09505703422 1.79515703422 0.0 0.0
270.0 1.09885931559 1.79895931559 0.0 0.0
270.0 1.10266159696 1.80276159696 0.0 0.0
270.0 1.10646387833 1.80656387833 0.0 0.0
270.0 1.1102661597 1.8103661597 0.0 0.0
270.0 1.11406844106 1.81416844106 0.0 0.0
270.0 1.11787072243 1.81797072243 0.0 0.0
270.0 1.1216730038 1.8217730038 0.0 0.0
270.0 1.12547528517 1.82557528517 0.0 0.0
270.0 1.12927756654 1.82937756654 0.0 0.0
270.0 1.13307984791 1.83317984791 0.0 0.0
270.0 1.13688212928 1.83698212928 0.0 0.0
270.0 1.14068441065 1.84078441065 0.0 0.0
270.0 1.14448669202 1.84458669202 0.0 0.0
270.0 1.14828897338 1.84838897338 0.0 0.0
270.0 1.15209125475 1.85219125475 0.0 0.0
270.0 1.15589353612 1.85599353612 0.0 0.0
270.0 1.15969581749 1.85979581749 0.0 0.0
270.0 1.16349809886 1.86359809886 0.0 0.0
270.0 1.16730038023 1.86740038023 0.0 0.0
270.0 1.1711026616 1.8712026616 0.0 0.0
270.0 1.17490494297 1.87500494297 0.0 0.0
270.0 1.17870722433 1.87880722433 0.0 0.0
270.0 1.1825095057 1.8826095057 0.0 0.0
270.0 1.18631178707 1.88641178707 0.0 0.0
270.0 1.19011406844 1.89021406844 0.0 0.0
270.0 1.19391634981 1.89401634981 0.0 0.0
270.0 1.19771863118 1.89781863118 0.0 0.0
270.0 1.20152091255 1.90162091255 0.0 0.0
270.0 1.20532319392 1.90542319392 0.0 0.0
270.0 1.20912547529 1.90922547529 0.0 0.0
270.0 1.21292775665 1.91302775665 0.0 0.0
270.0 1.21673003802 1.91683003802 0.0 0.0
270.0 1.22053231939 1.92063231939 0.0 0.0
270.0 1.22433460076 1.92443460076 0.0 0.0
270.0 1.22813688213 1.92823688213 0.0 0.0
270.0 1.2319391635 1.9320391635 0.0 0.0
270.0 1.23574144487 1.93584144487 0.0 0.0
270.0 1.23954372624 1.93964372624 0.0 0.0
270.0 1.2433460076 1.9434460076 0.0 0.0
270.0 1.24714828897 1.94724828897 0.0 0.0
270.0 1.25095057034 1.95105057034 0.0 0.0
270.0 1.25475285171 1.95485285171 0.0 0.0
270.0 1.25855513308 1.95865513308 0.0 0.0
270.0 1.26235741445 1.96245741445 0.0 0.0
270.0 1.26615969582 1.96625969582 0.0 0.0
270.0 1.26996197719 1.97006197719 0.0 0.0
270.0 1.27376425856 1.97386425856 0.0 0.0
270.0 1.27756653992 1.97766653992 0.0 0.0
270.0 1.28136882129 1.98146882129 0.0 0.0
270.0 1.28517110266 1.98527110266 0.0 0.0
270.0 1.28897338403 1.98907338403 0.0 0.0
270.0 1.2927756654 1.9928756654 0.0 0.0
270.0 1.29657794677 1.99667794677 0.0 0.0
270.0 1.30038022814 2.00048022814 0.0 0.0
270.0 1.30418250951 2.00428250951 0.0 0.0
270.0 1.30798479087 2.00808479087 0.0 0.0
270.0 1.31178707224 2.01188707224 0.0 0.0
270.0 1.31558935361 2.01568935361 0.0 0.0
270.0 1.31939163498 2.01949163498 0.0 0.0
270.0 1.32319391635 2.02329391635 0.0 0.0
270.0 1.32699619772 2.02709619772 0.0 0.0
270.0 1.33079847909 2.03089847909 0.0 0.0
270.0 1.33460076046 2.03470076046 0.0 0.0
270.0 1.33840304183 2.03850304183 0.0 0.0
270.0 1.34220532319 2.04230532319 0.0 0.0
270.0 1.34600760456 2.04610760456 0.0 0.0
270.0 1.34980988593 2.04990988593 0.0 0.0
270.0 1.3536121673 2.0537121673 0.0 0.0
270.0 1.35741444867 2.05751444867 0.0 0.0
270.0 1.36121673004 2.06131673004 0.0 0.0
270.0 1.36501901141 2.06511901141 0.0 0.0
270.0 1.36882129278 2.06892129278 0.0 0.0
270.0 1.37262357414 2.07272357414 0.0 0.0
270.0 1.37642585551 2.07652585551 0.0 0.0
270.0 1.38022813688 2.08032813688 0.0 0.0
270.0 1.38403041825 2.08413041825 0.0 0.0
270.0 1.38783269962 2.08793269962 0.0 0.0
270.0 1.39163498099 2.09173498099 0.0 0.0
270.0 1.39543726236 2.09553726236 0.0 0.0
270.0 1.39923954373 2.09933954373 0.0 0.0
270.0 1.4030418251 2.1031418251 0.0 0.0
270.0 1.40684410646 2.10694410646 0.0 0.0
270.0 1.41064638783 2.11074638783 0.0 0.0
270.0 1.4144486692 2.1145486692 0.0 0.0
270.0 1.41825095057 2.11835095057 0.0 0.0
270.0 1.42205323194 2.12215323194 0.0 0.0
270.0 1.42585551331 2.12595551331 0.0 0.0
270.0 1.42965779468 2.12975779468 0.0 0.0
270.0 1.43346007605 2.13356007605 0.0 0.0
270.0 1.43726235741 2.13736235741 0.0 0.0
270.0 1.44106463878 2.14116463878 0.0 0.0
270.0 1.44486692015 2.14496692015 0.0 0.0
270.0 1.44866920152 2.14876920152 0.0 0.0
270.0 1.45247148289 2.15257148289 0.0 0.0
270.0 1.45627376426 2.15637376426 0.0 0.0
270.0 1.46007604563 2.16017604563 0.0 0.0
270.0 1.463878327 2.163978327 0.0 0.0
270.0 1.46768060837 2.16778060837 0.0 0.0
270.0 1.47148288973 2.17158288973 0.0 0.0
270.0 1.4752851711 2.1753851711 0.0 0.0
270.0 1.47908745247 2.17918745247 0.0 0.0
270.0 1.48288973384 2.18298973384 0.0 0.0
270.0 1.48669201521 2.18679201521 0.0 0.0
270.0 1.49049429658 2.19059429658 0.0 0.0
270.0 1.49429657795 2.19439657795 0.0 0.0
270.0 1.49809885932 2.19819885932 0.0 0.0
270.0 1.50190114068 2.20200114068 0.0 0.0
270.0 1.50570342205 2.20580342205 0.0 0.0
270.0 1.50950570342 2.20960570342 0.0 0.0
270.0 1.51330798479 2.21340798479 0.0 0.0
270.0 1.51711026616 2.21721026616 0.0 0.0
270.0 1.52091254753 2.22101254753 0.0 0.0
270.0 1.5247148289 2.2248148289 0.0 0.0
270.0 1.52851711027 2.22861711027 0.0 0.0
270.0 1.53231939163 2.23241939163 0.0 0.0
270.0 1.536121673 2.236221673 0.0 0.0
270.0 1.53992395437 2.24002395437 0.0 0.0
270.0 1.54372623574 2.24382623574 0.0 0.0
270.0 1.54752851711 2.24762851711 0.0 0.0
270.0 1.55133079848 2.25143079848 0.0 0.0
270.0 1.55513307985 2.25523307985 0.0 0.0
270.0 1.55893536122 2.25903536122 0.0 0.0
270.0 1.56273764259 2.26283764259 0.0 0.0
270.0 1.56653992395 2.26663992395 0.0 0.0
270.0 1.57034220532 2.27044220532 0.0 0.0
270.0 1.57414448669 2.27424448669 0.0 0.0
270.0 1.57794676806 2.27804676806 0.0 0.0
270.0 1.58174904943 2.28184904943 0.0 0.0
270.0 1.5855513308 2.2856513308 0.0 0.0
270.0 1.58935361217 2.28945361217 0.0 0.0
270.0 1.59315589354 2.29325589354 0.0 0.0
270.0 1.5969581749 2.2970581749 0.0 0.0
270.0 1.60076045627 2.30086045627 0.0 0.0
270.0 1.60456273764 2.30466273764 0.0 0.0
270.0 1.60836501901 2.30846501901 0.0 0.0
270.0 1.61216730038 2.31226730038 0.0 0.0
270.0 1.61596958175 2.31606958175 0.0 0.0
270.0 1.61977186312 2.31987186312 0.0 0.0
270.0 1.62357414449 2.32367414449 0.0 0.0
270.0 1.62737642586 2.32747642586 0.0 0.0
270.0 1.63117870722 2.33127870722 0.0 0.0
270.0 1.63498098859 2.33508098859 0.0 0.0
270.0 1.63878326996 2.33888326996 0.0 0.0
270.0 1.64258555133 2.34268555133 0.0 0.0
270.0 1.6463878327 2.3464878327 0.0 0.0
270.0 1.65019011407 2.35029011407 0.0 0.0
270.0 1.65399239544 2.35409239544 0.0 0.0
270.0 1.65779467681 2.35789467681 0.0 0.0
270.0 1.66159695817 2.36169695817 0.0 0.0
270.0 1.66539923954 2.36549923954 0.0 0.0
270.0 1.66920152091 2.36930152091 0.0 0.0
270.0 1.67300380228 2.37310380228 0.0 0.0
270.0 1.67680608365 2.37690608365 0.0 0.0
270.0 1.68060836502 2.38070836502 0.0 0.0
270.0 1.68441064639 2.38451064639 0.0 0.0
270.0 1.68821292776 2.38831292776 0.0 0.0
270.0 1.69201520913 2.39211520913 0.0 0.0
270.0 1.69581749049 2.39591749049 0.0 0.0

