# (t in s) (c0 tau in cm) (p(tau) in MPa) (p(tau) in arb. units)
0.0 -0.12 0.0 0.0
6.66666666667e-09 -0.119 0.0 0.0
1.33333333333e-08 -0.118 0.0 0.0
2e-08 -0.117 0.0 0.0
2.66666666667e-08 -0.116 0.0 0.0
3.33333333333e-08 -0.115 0.0 0.0
4e-08 -0.114 0.0 0.0
4.66666666667e-08 -0.113 0.0 0.0
5.33333333333e-08 -0.112 0.0 0.0
6e-08 -0.111 0.0 0.0
6.66666666667e-08 -0.11 0.0 0.0
7.33333333333e-08 -0.109 0.0 0.0
8e-08 -0.108 0.0 0.0
8.66666666667e-08 -0.107 0.0 0.0
9.33333333333e-08 -0.106 0.0 0.0
1e-07 -0.105 0.0 0.0
1.06666666667e-07 -0.104 0.0 0.0
1.13333333333e-07 -0.103 0.0 0.0
1.2e-07 -0.102 0.0 0.0
1.26666666667e-07 -0.101 0.0 0.0
1.33333333333e-07 -0.1 0.0 0.0
1.4e-07 -0.099 0.0 0.0
1.46666666667e-07 -0.098 0.0 0.0
1.53333333333e-07 -0.097 0.0 0.0
1.6e-07 -0.096 0.0 0.0
1.66666666667e-07 -0.095 0.0 0.0
1.73333333333e-07 -0.094 0.0 0.0
1.8e-07 -0.093 0.0 0.0
1.86666666667e-07 -0.092 0.0 0.0
1.93333333333e-07 -0.091 0.0 0.0
2e-07 -0.09 0.0 0.0
2.06666666667e-07 -0.089 0.0 0.0
2.13333333333e-07 -0.088 0.0 0.0
2.2e-07 -0.087 0.0 0.0
2.26666666667e-07 -0.086 0.0 0.0
2.33333333333e-07 -0.085 0.0 0.0
2.4e-07 -0.084 0.0 0.0
2.46666666667e-07 -0.083 0.0 0.0
2.53333333333e-07 -0.082 0.0 0.0
2.6e-07 -0.081 0.0 0.0
2.66666666667e-07 -0.08 0.0 0.0
2.73333333333e-07 -0.079 0.0 0.0
2.8e-07 -0.078 0.0 0.0
2.86666666667e-07 -0.077 0.0 0.0
2.93333333333e-07 -0.076 0.0 0.0
3e-07 -0.075 0.0 0.0
3.06666666667e-07 -0.074 0.0 0.0
3.13333333333e-07 -0.073 0.0 0.0
3.2e-07 -0.072 0.0 0.0
3.26666666667e-07 -0.071 0.0 0.0
3.33333333333e-07 -0.07 0.0 0.0
3.4e-07 -0.069 0.0 0.0
3.46666666667e-07 -0.068 0.0 0.0
3.53333333333e-07 -0.067 0.0 0.0
3.6e-07 -0.066 0.0 0.0
3.66666666667e-07 -0.065 0.0 0.0
3.73333333333e-07 -0.064 0.0 0.0
3.8e-07 -0.063 0.0 0.0
3.86666666667e-07 -0.062 0.0 0.0
3.93333333333e-07 -0.061 0.0 0.0
4e-07 -0.06 0.0 0.0
4.06666666667e-07 -0.059 0.0 0.0
4.13333333333e-07 -0.058 0.0 0.0
4.2e-07 -0.057 0.0 0.0
4.26666666667e-07 -0.056 0.0 0.0
4.33333333333e-07 -0.055 0.0 0.0
4.4e-07 -0.054 0.0 0.0
4.46666666667e-07 -0.053 0.0 0.0
4.53333333333e-07 -0.052 0.0 0.0
4.6e-07 -0.051 0.0 0.0
4.66666666667e-07 -0.05 0.0 0.0
4.73333333333e-07 -0.049 0.0 0.0
4.8e-07 -0.048 0.0 0.0
4.86666666667e-07 -0.047 0.0 0.0
4.93333333333e-07 -0.046 0.0 0.0
5e-07 -0.045 0.0 0.0
5.06666666667e-07 -0.044 0.0 0.0
5.13333333333e-07 -0.043 0.0 0.0
5.2e-07 -0.042 0.0 0.0
5.26666666667e-07 -0.041 0.0 0.0
5.33333333333e-07 -0.04 0.0 0.0
5.4e-07 -0.039 0.0 0.0
5.46666666667e-07 -0.038 0.0 0.0
5.53333333333e-07 -0.037 0.0 0.0
5.6e-07 -0.036 0.0 0.0
5.66666666667e-07 -0.035 0.0 0.0
5.73333333333e-07 -0.034 0.0 0.0
5.8e-07 -0.033 0.0 0.0
5.86666666667e-07 -0.032 0.0 0.0
5.93333333333e-07 -0.031 0.0 0.0
6e-07 -0.03 0.0 0.0
6.06666666667e-07 -0.029 0.0 0.0
6.13333333333e-07 -0.028 0.0 0.0
6.2e-07 -0.027 0.0 0.0
6.26666666667e-07 -0.026 0.0 0.0
6.33333333333e-07 -0.025 0.0 0.0
6.4e-07 -0.024 0.0 0.0
6.46666666667e-07 -0.023 0.0 0.0
6.53333333333e-07 -0.022 0.0 0.0
6.6e-07 -0.021 0.0 0.0
6.66666666667e-07 -0.02 0.0 0.0
6.73333333333e-07 -0.019 0.0 0.0
6.8e-07 -0.018 0.0 0.0
6.86666666667e-07 -0.017 0.0 0.0
6.93333333333e-07 -0.016 0.0 0.0
7e-07 -0.015 0.0 0.0
7.06666666667e-07 -0.014 0.0 0.0
7.13333333333e-07 -0.013 0.0 0.0
7.2e-07 -0.012 0.0 0.0
7.26666666667e-07 -0.011 0.0 0.0
7.33333333333e-07 -0.01 0.0 0.0
7.4e-07 -0.009 0.0 0.0
7.46666666667e-07 -0.008 0.0 0.0
7.53333333333e-07 -0.007 0.0 0.0
7.6e-07 -0.006 0.0 0.0
7.66666666667e-07 -0.005 0.0 0.0
7.73333333333e-07 -0.004 0.0 0.0
7.8e-07 -0.003 0.0 0.0
7.86666666667e-07 -0.002 0.0 0.0
7.93333333333e-07 -0.001 10792.9131002 0.000303298111467
8e-07 1.11173074327e-16 18539920.4952 0.521001403491
8.06666666667e-07 0.001 35585164.2068 1.0
8.13333333333e-07 0.002 32638530.7119 0.917194888358
8.2e-07 0.003 30177681.7228 0.848041097897
8.26666666667e-07 0.004 27603827.8352 0.775711689139
8.33333333333e-07 0.005 26027061.4867 0.731402034156
8.4e-07 0.006 23863599.459 0.670605292709
8.46666666667e-07 0.007 22135024.5889 0.622029575591
8.53333333333e-07 0.008 20375161.8383 0.572574619016
8.6e-07 0.009 19031114.0304 0.534804727043
8.66666666667e-07 0.01 16356745.2373 0.459650688759
8.73333333333e-07 0.011 16261140.0881 0.456964031235
8.8e-07 0.012 15223513.076 0.427805053462
8.86666666667e-07 0.013 12725146.6975 0.357596964385
8.93333333333e-07 0.014 13004364.6788 0.365443436013
9e-07 0.015 12199994.9673 0.342839361269
9.06666666667e-07 0.016 9872152.33734 0.27742326212
9.13333333333e-07 0.017 9655533.0908 0.271335915009
9.2e-07 0.018 9998973.41246 0.280987137065
9.26666666667e-07 0.019 8059030.19233 0.226471631422
9.33333333333e-07 0.02 7186869.13342 0.201962511446
9.4e-07 0.021 7933261.74179 0.22293733691
9.46666666667e-07 0.022 6170702.90776 0.17340661608
9.53333333333e-07 0.023 6289440.2741 0.176743325886
9.6e-07 0.024 5619925.40208 0.157928887708
9.66666666667e-07 0.025 4704688.32243 0.132209262688
9.73333333333e-07 0.026 5308568.20906 0.149179252854
9.8e-07 0.027 5022180.00653 0.141131286548
9.86666666667e-07 0.028 3359735.17939 0.0944139293515
9.93333333333e-07 0.029 2238656.46008 0.0629098252032
1e-06 0.03 -178394.608696 -0.00501317368268
1.00666666667e-06 0.031 -19747.715079 -0.000554942362053
1.01333333333e-06 0.032 137633.238866 0.00386771403011
1.02e-06 0.033 252701.376945 0.00710131265592
1.02666666667e-06 0.034 -767278.184989 -0.021561743555
1.03333333333e-06 0.035 662737.836026 0.0186239926328
1.04e-06 0.036 76188.7167624 0.0021410247349
1.04666666667e-06 0.037 -1414426.95711 -0.0397476585716
1.05333333333e-06 0.038 1475460.88273 0.0414628094492
1.06e-06 0.039 935084.345283 0.0262773649111
1.06666666667e-06 0.04 -1145615.54467 -0.032193628165
1.07333333333e-06 0.041 -945928.422855 -0.026582100826
1.08e-06 0.042 763088.490964 0.0214440064553
1.08666666667e-06 0.043 274280.143922 0.00770771050339
1.09333333333e-06 0.044 -31034.0493459 -0.000872106397079
1.1e-06 0.045 -280945.344384 -0.00789501329124
1.10666666667e-06 0.046 -107317.218878 -0.00301578540581
1.11333333333e-06 0.047 2686.81258369 7.55037286907e-05
1.12e-06 0.048 808495.217289 0.0227200080514
1.12666666667e-06 0.049 -42192.0960504 -0.00118566534652
1.13333333333e-06 0.05 -1278120.96581 -0.0359172423199
1.14e-06 0.051 472638.685891 0.013281902625
1.14666666667e-06 0.052 1145134.63403 0.0321801138075
1.15333333333e-06 0.053 -1080398.10282 -0.0303609137936
1.16e-06 0.054 -401597.311458 -0.011285526438
1.16666666667e-06 0.055 236503.268769 0.00664611992219
1.17333333333e-06 0.056 -466937.8772 -0.0131217007876
1.18e-06 0.057 1306840.39316 0.0367243041387
1.18666666667e-06 0.058 75309.4469417 0.00211631584736
1.19333333333e-06 0.059 -1021937.00428 -0.02871806347
1.2e-06 0.06 348950.974592 0.00980608021264
1.20666666667e-06 0.061 775304.221475 0.0217872880105
1.21333333333e-06 0.062 -506848.304694 -0.0142432476003
1.22e-06 0.063 -457462.386936 -0.0128554243638
1.22666666667e-06 0.064 -545907.841745 -0.0153408830313
1.23333333333e-06 0.065 468101.240434 0.0131543931542
1.24e-06 0.066 1227890.13119 0.0345056755689
1.24666666667e-06 0.067 -825123.099957 -0.0231872781354
1.25333333333e-06 0.068 -792878.163388 -0.0222811438716
1.26e-06 0.069 942998.326186 0.0264997604256
1.26666666667e-06 0.07 541375.881938 0.015213527716
1.27333333333e-06 0.071 -642887.574182 -0.0180661685427
1.28e-06 0.072 -146910.886131 -0.00412843074931
1.28666666667e-06 0.073 -314339.955961 -0.00883345526056
1.29333333333e-06 0.074 -175045.829112 -0.00491906762309
1.3e-06 0.075 -2041021.35526 -0.0573559628219
1.30666666667e-06 0.076 -2175139.31799 -0.0611248919733
1.31333333333e-06 0.077 -2680012.64476 -0.0753126395365
1.32e-06 0.078 -5053954.83195 -0.142024209937
1.32666666667e-06 0.079 -5937322.71674 -0.166848259635
1.33333333333e-06 0.08 -5834795.33372 -0.163967076274
1.34e-06 0.081 -8098382.92838 -0.227577506213
1.34666666667e-06 0.082 -9826540.28901 -0.276141490648
1.35333333333e-06 0.083 -11256808.3135 -0.316334308535
1.36e-06 0.084 -11355497.0924 -0.319107620984
1.36666666667e-06 0.085 -11861095.8004 -0.333315752919
1.37333333333e-06 0.086 -14452852.1254 -0.406148248787
1.38e-06 0.087 -14764674.3332 -0.4149109513
1.38666666667e-06 0.088 -14850273.3422 -0.417316420289
1.39333333333e-06 0.089 -15727096.1415 -0.441956542622
1.4e-06 0.09 -16352250.6635 -0.45952438405
1.40666666667e-06 0.091 -16981801.4378 -0.477215767197
1.41333333333e-06 0.092 -15848082.182 -0.445356443767
1.42e-06 0.093 -16515255.2645 -0.464105073916
1.42666666667e-06 0.094 -16464786.1164 -0.462686810174
1.43333333333e-06 0.095 -15903740.1827 -0.44692052256
1.44e-06 0.096 -16398858.2226 -0.460834130969
1.44666666667e-06 0.097 -15385718.0067 -0.432363271313
1.45333333333e-06 0.098 -13930629.8967 -0.391472969345
1.46e-06 0.099 -14069112.9297 -0.395364563948
1.46666666667e-06 0.1 -13439397.0268 -0.377668540427
1.47333333333e-06 0.101 -12698238.326 -0.35684079613
1.48e-06 0.102 -11510640.7902 -0.323467406904
1.48666666667e-06 0.103 -10570638.6287 -0.297051843495
1.49333333333e-06 0.104 -9975020.33846 -0.280314017395
1.5e-06 0.105 -9415103.78551 -0.264579467184
1.50666666667e-06 0.106 -8475539.69329 -0.238176214223
1.51333333333e-06 0.107 -7617226.03809 -0.214056228428
1.52e-06 0.108 -6857119.68676 -0.192696024863
1.52666666667e-06 0.109 -6243833.20918 -0.175461694455
1.53333333333e-06 0.11 -5639549.46389 -0.158480355215
1.54e-06 0.111 -5060457.47358 -0.142206944562
1.54666666667e-06 0.112 -4330429.39388 -0.121691988513
1.55333333333e-06 0.113 -3888355.3352 -0.109269000772
1.56e-06 0.114 -3509376.86719 -0.0986190999934
1.56666666667e-06 0.115 -3143304.01479 -0.0883318676436
1.57333333333e-06 0.116 -2733626.87143 -0.0768192850127
1.58e-06 0.117 -2319125.46305 -0.0651711328231
1.58666666667e-06 0.118 -1947227.54589 -0.0547202068417
1.59333333333e-06 0.119 -1693945.6863 -0.0476025816955
1.6e-06 0.12 -1419844.14116 -0.0398998901034
1.60666666667e-06 0.121 -1193372.59368 -0.033535677586
1.61333333333e-06 0.122 -975428.878533 -0.0274111107894
1.62e-06 0.123 -819369.255555 -0.0230255859097
1.62666666667e-06 0.124 -671612.669878 -0.0188733896512
1.63333333333e-06 0.125 -548763.182294 -0.0154211226652
1.64e-06 0.126 -450217.478324 -0.0126518308503
1.64666666667e-06 0.127 -363024.507031 -0.0102015689719
1.65333333333e-06 0.128 -288133.913706 -0.00809702358071
1.66e-06 0.129 -227722.4084 -0.0063993637089
1.66666666667e-06 0.13 -171759.520616 -0.00482671710091
1.67333333333e-06 0.131 -131761.290575 -0.00370270289632
1.68e-06 0.132 -100287.811543 -0.00281824782259
1.68666666667e-06 0.133 -77440.5939754 -0.00217620448582
1.69333333333e-06 0.134 -58965.6234306 -0.00165702827976
1.7e-06 0.135 -45829.1846043 -0.00128787334907
1.70666666667e-06 0.136 -34825.4524249 -0.000978650884466
1.71333333333e-06 0.137 -26563.8008694 -0.000746485268834
1.72e-06 0.138 -20072.2861023 -0.000564063326662
1.72666666667e-06 0.139 -15162.4898742 -0.000426090203942
1.73333333333e-06 0.14 -11411.516902 -0.000320681867187
1.74e-06 0.141 -8638.9521724 -0.000242768366114
1.74666666667e-06 0.142 -6430.96695952 -0.000180720451988
1.75333333333e-06 0.143 -4828.79799921 -0.000135696943005
1.76e-06 0.144 -3548.70083742 -9.97241664194e-05
1.76666666667e-06 0.145 -2660.90582374 -7.47757073222e-05
1.77333333333e-06 0.146 -1942.98969923 -5.46011165759e-05
1.78e-06 0.147 -1420.41424759 -3.99159110053e-05
1.78666666667e-06 0.148 -1043.12110574 -2.93133705856e-05
1.79333333333e-06 0.149 -764.997943408 -2.14976651214e-05
1.8e-06 0.15 -544.747881944 -1.53082863066e-05
1.80666666667e-06 0.151 -396.607538948 -1.11453058539e-05
1.81333333333e-06 0.152 -288.38196599 -8.10399424642e-06
1.82e-06 0.153 -205.564794643 -5.77669934157e-06
1.82666666667e-06 0.154 -143.490987564 -4.0323261326e-06
1.83333333333e-06 0.155 -103.771220414 -2.91613718041e-06
1.84e-06 0.156 -73.2949074839 -2.05970406819e-06
1.84666666667e-06 0.157 -51.5116862669 -1.44756072973e-06
1.85333333333e-06 0.158 -36.0029706447 -1.0117410288e-06
1.86e-06 0.159 -25.2659309946 -7.10013050599e-07
1.86666666667e-06 0.16 -17.2629266543 -4.85115835182e-07
1.87333333333e-06 0.161 -12.1708517885 -3.42020391357e-07
1.88e-06 0.162 -8.34854640127 -2.34607499708e-07
1.88666666667e-06 0.163 -5.68046492637 -1.59630145118e-07
1.89333333333e-06 0.164 -3.85717466501 -1.08392774095e-07
1.9e-06 0.165 -2.66564617042 -7.49089186417e-08
1.90666666667e-06 0.166 -1.76498581639 -4.95989229144e-08
1.91333333333e-06 0.167 -1.20693419385 -3.391678023e-08
1.92e-06 0.168 -0.812759747134 -2.28398481572e-08
1.92666666667e-06 0.169 -0.534260079917 -1.5013562304e-08
1.93333333333e-06 0.17 -0.352701024116 -9.91146259901e-09
1.94e-06 0.171 -0.237773757173 -6.68182267731e-09
1.94666666667e-06 0.172 -0.151381969698 -4.25407534495e-09
1.95333333333e-06 0.173 -0.101853866511 -2.86225647068e-09
1.96e-06 0.174 -0.0650886973289 -1.82909644454e-09
1.96666666667e-06 0.175 -0.0426826446994 -1.19945054774e-09
1.97333333333e-06 0.176 -0.0270835293155 -7.61090468997e-10
1.98e-06 0.177 -0.0173878120922 -4.88625315626e-10
1.98666666667e-06 0.178 -0.0110061952873 -3.09291681876e-10
1.99333333333e-06 0.179 -0.00701469764763 -1.97124217465e-10
2e-06 0.18 -0.00437081460886 -1.22826877613e-10
2.00666666667e-06 0.181 -0.002691499133 -7.56354282182e-11
2.01333333333e-06 0.182 -0.00173739537998 -4.88235875456e-11
2.02e-06 0.183 -0.00103353317322 -2.90439343546e-11
2.02666666667e-06 0.184 -0.00063573969059 -1.78653015873e-11
2.03333333333e-06 0.185 -0.000386684877864 -1.08664632153e-11
2.04e-06 0.186 -0.000226299055471 -6.35936521622e-12
2.04666666667e-06 0.187 -0.00013502130086 -3.79431439673e-12
2.05333333333e-06 0.188 -8.21988535053e-05 -2.30991918507e-12
2.06e-06 0.189 -4.67257792968e-05 -1.31306909321e-12
2.06666666667e-06 0.19 -2.52638146064e-05 -7.09953576709e-13
2.07333333333e-06 0.191 -1.59987842242e-05 -4.49591412062e-13
2.08e-06 0.192 -7.72458425041e-06 -2.17073165814e-13
2.08666666667e-06 0.193 -4.42223780839e-06 -1.24271951724e-13
2.09333333333e-06 0.194 -2.29477405668e-06 -6.44868193762e-14
2.1e-06 0.195 -1.12529999268e-06 -3.16227286781e-14
2.10666666667e-06 0.196 -5.99720940605e-07 -1.68531171338e-14
2.11333333333e-06 0.197 -1.97833939821e-07 -5.55944996265e-15
2.12e-06 0.198 -9.62987156637e-08 -2.7061478515e-15
2.12666666667e-06 0.199 -2.27972620727e-08 -6.40639507525e-16
2.13333333333e-06 0.2 -1.65758503265e-09 -4.65807892025e-17
2.14e-06 0.201 0.0 0.0
2.14666666667e-06 0.202 0.0 0.0
2.15333333333e-06 0.203 0.0 0.0
2.16e-06 0.204 0.0 0.0
2.16666666667e-06 0.205 0.0 0.0
2.17333333333e-06 0.206 0.0 0.0
2.18e-06 0.207 0.0 0.0
2.18666666667e-06 0.208 0.0 0.0
2.19333333333e-06 0.209 0.0 0.0
2.2e-06 0.21 0.0 0.0
2.20666666667e-06 0.211 0.0 0.0
2.21333333333e-06 0.212 0.0 0.0
2.22e-06 0.213 0.0 0.0
2.22666666667e-06 0.214 0.0 0.0
2.23333333333e-06 0.215 0.0 0.0
2.24e-06 0.216 0.0 0.0
2.24666666667e-06 0.217 0.0 0.0
2.25333333333e-06 0.218 0.0 0.0
2.26e-06 0.219 0.0 0.0
2.26666666667e-06 0.22 0.0 0.0
2.27333333333e-06 0.221 0.0 0.0
2.28e-06 0.222 0.0 0.0
2.28666666667e-06 0.223 0.0 0.0
2.29333333333e-06 0.224 0.0 0.0
2.3e-06 0.225 0.0 0.0
2.30666666667e-06 0.226 0.0 0.0
2.31333333333e-06 0.227 0.0 0.0
2.32e-06 0.228 0.0 0.0
2.32666666667e-06 0.229 0.0 0.0
2.33333333333e-06 0.23 0.0 0.0
2.34e-06 0.231 0.0 0.0
2.34666666667e-06 0.232 0.0 0.0
2.35333333333e-06 0.233 0.0 0.0
2.36e-06 0.234 0.0 0.0
2.36666666667e-06 0.235 0.0 0.0
2.37333333333e-06 0.236 0.0 0.0
2.38e-06 0.237 0.0 0.0
2.38666666667e-06 0.238 0.0 0.0
2.39333333333e-06 0.239 0.0 0.0
2.4e-06 0.24 0.0 0.0
2.40666666667e-06 0.241 0.0 0.0
2.41333333333e-06 0.242 0.0 0.0
2.42e-06 0.243 0.0 0.0
2.42666666667e-06 0.244 0.0 0.0
2.43333333333e-06 0.245 0.0 0.0
2.44e-06 0.246 0.0 0.0
2.44666666667e-06 0.247 0.0 0.0
2.45333333333e-06 0.248 0.0 0.0
2.46e-06 0.249 0.0 0.0
2.46666666667e-06 0.25 0.0 0.0
2.47333333333e-06 0.251 0.0 0.0
2.48e-06 0.252 0.0 0.0
2.48666666667e-06 0.253 0.0 0.0
2.49333333333e-06 0.254 0.0 0.0
2.5e-06 0.255 0.0 0.0
2.50666666667e-06 0.256 0.0 0.0
2.51333333333e-06 0.257 0.0 0.0
2.52e-06 0.258 0.0 0.0
2.52666666667e-06 0.259 0.0 0.0
2.53333333333e-06 0.26 0.0 0.0
2.54e-06 0.261 0.0 0.0
2.54666666667e-06 0.262 0.0 0.0
2.55333333333e-06 0.263 0.0 0.0
2.56e-06 0.264 0.0 0.0
2.56666666667e-06 0.265 0.0 0.0
2.57333333333e-06 0.266 0.0 0.0
2.58e-06 0.267 0.0 0.0
2.58666666667e-06 0.268 0.0 0.0
2.59333333333e-06 0.269 0.0 0.0
2.6e-06 0.27 0.0 0.0
2.60666666667e-06 0.271 0.0 0.0
2.61333333333e-06 0.272 0.0 0.0
2.62e-06 0.273 0.0 0.0
2.62666666667e-06 0.274 0.0 0.0
2.63333333333e-06 0.275 0.0 0.0
2.64e-06 0.276 0.0 0.0
2.64666666667e-06 0.277 0.0 0.0
2.65333333333e-06 0.278 0.0 0.0
2.66e-06 0.279 0.0 0.0
2.66666666667e-06 0.28 0.0 0.0
2.67333333333e-06 0.281 0.0 0.0
2.68e-06 0.282 0.0 0.0
2.68666666667e-06 0.283 0.0 0.0
2.69333333333e-06 0.284 0.0 0.0
2.7e-06 0.285 0.0 0.0
2.70666666667e-06 0.286 0.0 0.0
2.71333333333e-06 0.287 0.0 0.0
2.72e-06 0.288 0.0 0.0
2.72666666667e-06 0.289 0.0 0.0
2.73333333333e-06 0.29 0.0 0.0
2.74e-06 0.291 0.0 0.0
2.74666666667e-06 0.292 0.0 0.0
2.75333333333e-06 0.293 0.0 0.0
2.76e-06 0.294 0.0 0.0
2.76666666667e-06 0.295 0.0 0.0
2.77333333333e-06 0.296 0.0 0.0
2.78e-06 0.297 0.0 0.0
2.78666666667e-06 0.298 0.0 0.0
2.79333333333e-06 0.299 0.0 0.0
2.8e-06 0.3 0.0 0.0
2.80666666667e-06 0.301 0.0 0.0
2.81333333333e-06 0.302 0.0 0.0
2.82e-06 0.303 0.0 0.0
2.82666666667e-06 0.304 0.0 0.0
2.83333333333e-06 0.305 0.0 0.0
2.84e-06 0.306 0.0 0.0
2.84666666667e-06 0.307 0.0 0.0
2.85333333333e-06 0.308 0.0 0.0
2.86e-06 0.309 0.0 0.0
2.86666666667e-06 0.31 0.0 0.0
2.87333333333e-06 0.311 0.0 0.0
2.88e-06 0.312 0.0 0.0
2.88666666667e-06 0.313 0.0 0.0
2.89333333333e-06 0.314 0.0 0.0
2.9e-06 0.315 0.0 0.0
2.90666666667e-06 0.316 0.0 0.0
2.91333333333e-06 0.317 0.0 0.0
2.92e-06 0.318 0.0 0.0
2.92666666667e-06 0.319 0.0 0.0
2.93333333333e-06 0.32 0.0 0.0
2.94e-06 0.321 0.0 0.0
2.94666666667e-06 0.322 0.0 0.0
2.95333333333e-06 0.323 0.0 0.0
2.96e-06 0.324 0.0 0.0
2.96666666667e-06 0.325 0.0 0.0
2.97333333333e-06 0.326 0.0 0.0
2.98e-06 0.327 0.0 0.0
2.98666666667e-06 0.328 0.0 0.0
2.99333333333e-06 0.329 0.0 0.0
3e-06 0.33 0.0 0.0
3.00666666667e-06 0.331 0.0 0.0
3.01333333333e-06 0.332 0.0 0.0
3.02e-06 0.333 0.0 0.0
3.02666666667e-06 0.334 0.0 0.0
3.03333333333e-06 0.335 0.0 0.0
3.04e-06 0.336 0.0 0.0
3.04666666667e-06 0.337 0.0 0.0
3.05333333333e-06 0.338 0.0 0.0
3.06e-06 0.339 0.0 0.0
3.06666666667e-06 0.34 0.0 0.0
3.07333333333e-06 0.341 0.0 0.0
3.08e-06 0.342 0.0 0.0
3.08666666667e-06 0.343 0.0 0.0
3.09333333333e-06 0.344 0.0 0.0
3.1e-06 0.345 0.0 0.0
3.10666666667e-06 0.346 0.0 0.0
3.11333333333e-06 0.347 0.0 0.0
3.12e-06 0.348 0.0 0.0
3.12666666667e-06 0.349 0.0 0.0
3.13333333333e-06 0.35 0.0 0.0
3.14e-06 0.351 0.0 0.0
3.14666666667e-06 0.352 0.0 0.0
3.15333333333e-06 0.353 0.0 0.0
3.16e-06 0.354 0.0 0.0
3.16666666667e-06 0.355 0.0 0.0
3.17333333333e-06 0.356 0.0 0.0
3.18e-06 0.357 0.0 0.0
3.18666666667e-06 0.358 0.0 0.0
3.19333333333e-06 0.359 0.0 0.0
3.2e-06 0.36 0.0 0.0
3.20666666667e-06 0.361 0.0 0.0
3.21333333333e-06 0.362 0.0 0.0
3.22e-06 0.363 0.0 0.0
3.22666666667e-06 0.364 0.0 0.0
3.23333333333e-06 0.365 0.0 0.0
3.24e-06 0.366 0.0 0.0
3.24666666667e-06 0.367 0.0 0.0
3.25333333333e-06 0.368 0.0 0.0
3.26e-06 0.369 0.0 0.0
3.26666666667e-06 0.37 0.0 0.0
3.27333333333e-06 0.371 0.0 0.0
3.28e-06 0.372 0.0 0.0
3.28666666667e-06 0.373 0.0 0.0
3.29333333333e-06 0.374 0.0 0.0
3.3e-06 0.375 0.0 0.0
3.30666666667e-06 0.376 0.0 0.0
3.31333333333e-06 0.377 0.0 0.0
3.32e-06 0.378 0.0 0.0
3.32666666667e-06 0.379 0.0 0.0
3.33333333333e-06 0.38 0.0 0.0
3.34e-06 0.381 0.0 0.0
3.34666666667e-06 0.382 0.0 0.0
3.35333333333e-06 0.383 0.0 0.0
3.36e-06 0.384 0.0 0.0
3.36666666667e-06 0.385 0.0 0.0
3.37333333333e-06 0.386 0.0 0.0
3.38e-06 0.387 0.0 0.0
3.38666666667e-06 0.388 0.0 0.0
3.39333333333e-06 0.389 0.0 0.0
3.4e-06 0.39 0.0 0.0
3.40666666667e-06 0.391 0.0 0.0
3.41333333333e-06 0.392 0.0 0.0
3.42e-06 0.393 0.0 0.0
3.42666666667e-06 0.394 0.0 0.0
3.43333333333e-06 0.395 0.0 0.0
3.44e-06 0.396 0.0 0.0
3.44666666667e-06 0.397 0.0 0.0
3.45333333333e-06 0.398 0.0 0.0
3.46e-06 0.399 0.0 0.0
3.46666666667e-06 0.4 0.0 0.0
3.47333333333e-06 0.401 0.0 0.0
3.48e-06 0.402 0.0 0.0
3.48666666667e-06 0.403 0.0 0.0
3.49333333333e-06 0.404 0.0 0.0
3.5e-06 0.405 0.0 0.0
3.50666666667e-06 0.406 0.0 0.0
3.51333333333e-06 0.407 0.0 0.0
3.52e-06 0.408 0.0 0.0
3.52666666667e-06 0.409 0.0 0.0
3.53333333333e-06 0.41 0.0 0.0
3.54e-06 0.411 0.0 0.0
3.54666666667e-06 0.412 0.0 0.0
3.55333333333e-06 0.413 0.0 0.0
3.56e-06 0.414 0.0 0.0
3.56666666667e-06 0.415 0.0 0.0
3.57333333333e-06 0.416 0.0 0.0
3.58e-06 0.417 0.0 0.0
3.58666666667e-06 0.418 0.0 0.0
3.59333333333e-06 0.419 0.0 0.0
3.6e-06 0.42 0.0 0.0
3.60666666667e-06 0.421 0.0 0.0
3.61333333333e-06 0.422 0.0 0.0
3.62e-06 0.423 0.0 0.0
3.62666666667e-06 0.424 0.0 0.0
3.63333333333e-06 0.425 0.0 0.0
3.64e-06 0.426 0.0 0.0
3.64666666667e-06 0.427 0.0 0.0
3.65333333333e-06 0.428 0.0 0.0
3.66e-06 0.429 0.0 0.0
3.66666666667e-06 0.43 0.0 0.0
3.67333333333e-06 0.431 0.0 0.0
3.68e-06 0.432 0.0 0.0
3.68666666667e-06 0.433 0.0 0.0
3.69333333333e-06 0.434 0.0 0.0
3.7e-06 0.435 0.0 0.0
3.70666666667e-06 0.436 0.0 0.0
3.71333333333e-06 0.437 0.0 0.0
3.72e-06 0.438 0.0 0.0
3.72666666667e-06 0.439 0.0 0.0
3.73333333333e-06 0.44 0.0 0.0
3.74e-06 0.441 0.0 0.0
3.74666666667e-06 0.442 0.0 0.0
3.75333333333e-06 0.443 0.0 0.0
3.76e-06 0.444 0.0 0.0
3.76666666667e-06 0.445 0.0 0.0
3.77333333333e-06 0.446 0.0 0.0
3.78e-06 0.447 0.0 0.0
3.78666666667e-06 0.448 0.0 0.0
3.79333333333e-06 0.449 0.0 0.0
3.8e-06 0.45 0.0 0.0
3.80666666667e-06 0.451 0.0 0.0
3.81333333333e-06 0.452 0.0 0.0
3.82e-06 0.453 0.0 0.0
3.82666666667e-06 0.454 0.0 0.0
3.83333333333e-06 0.455 0.0 0.0
3.84e-06 0.456 0.0 0.0
3.84666666667e-06 0.457 0.0 0.0
3.85333333333e-06 0.458 0.0 0.0
3.86e-06 0.459 0.0 0.0
3.86666666667e-06 0.46 0.0 0.0
3.87333333333e-06 0.461 0.0 0.0
3.88e-06 0.462 0.0 0.0
3.88666666667e-06 0.463 0.0 0.0
3.89333333333e-06 0.464 0.0 0.0
3.9e-06 0.465 0.0 0.0
3.90666666667e-06 0.466 0.0 0.0
3.91333333333e-06 0.467 0.0 0.0
3.92e-06 0.468 0.0 0.0
3.92666666667e-06 0.469 0.0 0.0
3.93333333333e-06 0.47 0.0 0.0
3.94e-06 0.471 0.0 0.0
3.94666666667e-06 0.472 0.0 0.0
3.95333333333e-06 0.473 0.0 0.0
3.96e-06 0.474 0.0 0.0
3.96666666667e-06 0.475 0.0 0.0
3.97333333333e-06 0.476 0.0 0.0
3.98e-06 0.477 0.0 0.0
3.98666666667e-06 0.478 0.0 0.0
3.99333333333e-06 0.479 0.0 0.0
4e-06 0.48 0.0 0.0
4.00666666667e-06 0.481 0.0 0.0
4.01333333333e-06 0.482 0.0 0.0
4.02e-06 0.483 0.0 0.0
4.02666666667e-06 0.484 0.0 0.0
4.03333333333e-06 0.485 0.0 0.0
4.04e-06 0.486 0.0 0.0
4.04666666667e-06 0.487 0.0 0.0
4.05333333333e-06 0.488 0.0 0.0
4.06e-06 0.489 0.0 0.0
4.06666666667e-06 0.49 0.0 0.0
4.07333333333e-06 0.491 0.0 0.0
4.08e-06 0.492 0.0 0.0
4.08666666667e-06 0.493 0.0 0.0
4.09333333333e-06 0.494 0.0 0.0
4.1e-06 0.495 0.0 0.0
4.10666666667e-06 0.496 0.0 0.0
4.11333333333e-06 0.497 0.0 0.0
