# (c0 tau) (p(tau))
-1.6 0.0
-1.5995 0.0
-1.599 0.0
-1.5985 0.0
-1.598 0.0
-1.5975 0.0
-1.597 0.0
-1.5965 0.0
-1.596 0.0
-1.5955 0.0
-1.595 0.0
-1.5945 0.0
-1.594 0.0
-1.5935 0.0
-1.593 0.0
-1.5925 0.0
-1.592 0.0
-1.5915 0.0
-1.591 0.0
-1.5905 0.0
-1.59 0.0
-1.5895 0.0
-1.589 0.0
-1.5885 0.0
-1.588 0.0
-1.5875 0.0
-1.587 0.0
-1.5865 0.0
-1.586 0.0
-1.5855 0.0
-1.585 0.0
-1.5845 0.0
-1.584 0.0
-1.5835 0.0
-1.583 0.0
-1.5825 0.0
-1.582 0.0
-1.5815 0.0
-1.581 0.0
-1.5805 0.0
-1.58 0.0
-1.5795 0.0
-1.579 0.0
-1.5785 0.0
-1.578 0.0
-1.5775 0.0
-1.577 0.0
-1.5765 0.0
-1.576 0.0
-1.5755 0.0
-1.575 0.0
-1.5745 0.0
-1.574 0.0
-1.5735 0.0
-1.573 0.0
-1.5725 0.0
-1.572 0.0
-1.5715 0.0
-1.571 0.0
-1.5705 0.0
-1.57 0.0
-1.5695 0.0
-1.569 0.0
-1.5685 0.0
-1.568 0.0
-1.5675 0.0
-1.567 0.0
-1.5665 0.0
-1.566 0.0
-1.5655 0.0
-1.565 0.0
-1.5645 0.0
-1.564 0.0
-1.5635 0.0
-1.563 0.0
-1.5625 0.0
-1.562 0.0
-1.5615 0.0
-1.561 0.0
-1.5605 0.0
-1.56 0.0
-1.5595 0.0
-1.559 0.0
-1.5585 0.0
-1.558 0.0
-1.5575 0.0
-1.557 0.0
-1.5565 0.0
-1.556 0.0
-1.5555 0.0
-1.555 0.0
-1.5545 0.0
-1.554 0.0
-1.5535 0.0
-1.553 0.0
-1.5525 0.0
-1.552 0.0
-1.5515 0.0
-1.551 0.0
-1.5505 0.0
-1.55 0.0
-1.5495 0.0
-1.549 0.0
-1.5485 0.0
-1.548 0.0
-1.5475 0.0
-1.547 0.0
-1.5465 0.0
-1.546 0.0
-1.5455 0.0
-1.545 0.0
-1.5445 0.0
-1.544 0.0
-1.5435 0.0
-1.543 0.0
-1.5425 0.0
-1.542 0.0
-1.5415 0.0
-1.541 0.0
-1.5405 0.0
-1.54 0.0
-1.5395 0.0
-1.539 0.0
-1.5385 0.0
-1.538 0.0
-1.5375 0.0
-1.537 0.0
-1.5365 0.0
-1.536 0.0
-1.5355 0.0
-1.535 0.0
-1.5345 0.0
-1.534 0.0
-1.5335 0.0
-1.533 0.0
-1.5325 0.0
-1.532 0.0
-1.5315 0.0
-1.531 0.0
-1.5305 0.0
-1.53 0.0
-1.5295 0.0
-1.529 0.0
-1.5285 0.0
-1.528 0.0
-1.5275 0.0
-1.527 0.0
-1.5265 0.0
-1.526 0.0
-1.5255 0.0
-1.525 0.0
-1.5245 0.0
-1.524 0.0
-1.5235 0.0
-1.523 0.0
-1.5225 0.0
-1.522 0.0
-1.5215 0.0
-1.521 0.0
-1.5205 0.0
-1.52 0.0
-1.5195 0.0
-1.519 0.0
-1.5185 0.0
-1.518 0.0
-1.5175 0.0
-1.517 0.0
-1.5165 0.0
-1.516 0.0
-1.5155 0.0
-1.515 0.0
-1.5145 0.0
-1.514 0.0
-1.5135 0.0
-1.513 0.0
-1.5125 0.0
-1.512 0.0
-1.5115 0.0
-1.511 0.0
-1.5105 0.0
-1.51 0.0
-1.5095 0.0
-1.509 0.0
-1.5085 0.0
-1.508 0.0
-1.5075 0.0
-1.507 0.0
-1.5065 0.0
-1.506 0.0
-1.5055 0.0
-1.505 0.0
-1.5045 0.0
-1.504 0.0
-1.5035 0.0
-1.503 0.0
-1.5025 0.0
-1.502 0.0
-1.5015 0.0
-1.501 0.0
-1.5005 0.0
-1.5 0.0
-1.4995 0.0
-1.499 0.0
-1.4985 0.0
-1.498 0.0
-1.4975 0.0
-1.497 0.0
-1.4965 0.0
-1.496 0.0
-1.4955 0.0
-1.495 0.0
-1.4945 0.0
-1.494 0.0
-1.4935 0.0
-1.493 0.0
-1.4925 0.0
-1.492 0.0
-1.4915 0.0
-1.491 0.0
-1.4905 0.0
-1.49 0.0
-1.4895 0.0
-1.489 0.0
-1.4885 0.0
-1.488 0.0
-1.4875 0.0
-1.487 0.0
-1.4865 0.0
-1.486 0.0
-1.4855 0.0
-1.485 0.0
-1.4845 0.0
-1.484 0.0
-1.4835 0.0
-1.483 0.0
-1.4825 0.0
-1.482 0.0
-1.4815 0.0
-1.481 0.0
-1.4805 0.0
-1.48 0.0
-1.4795 0.0
-1.479 0.0
-1.4785 0.0
-1.478 0.0
-1.4775 0.0
-1.477 0.0
-1.4765 0.0
-1.476 0.0
-1.4755 0.0
-1.475 0.0
-1.4745 0.0
-1.474 0.0
-1.4735 0.0
-1.473 0.0
-1.4725 0.0
-1.472 0.0
-1.4715 0.0
-1.471 0.0
-1.4705 0.0
-1.47 0.0
-1.4695 0.0
-1.469 0.0
-1.4685 0.0
-1.468 0.0
-1.4675 0.0
-1.467 0.0
-1.4665 0.0
-1.466 0.0
-1.4655 0.0
-1.465 0.0
-1.4645 0.0
-1.464 0.0
-1.4635 0.0
-1.463 0.0
-1.4625 0.0
-1.462 0.0
-1.4615 0.0
-1.461 0.0
-1.4605 0.0
-1.46 0.0
-1.4595 0.0
-1.459 0.0
-1.4585 0.0
-1.458 0.0
-1.4575 0.0
-1.457 0.0
-1.4565 0.0
-1.456 0.0
-1.4555 0.0
-1.455 0.0
-1.4545 0.0
-1.454 0.0
-1.4535 0.0
-1.453 0.0
-1.4525 0.0
-1.452 0.0
-1.4515 0.0
-1.451 0.0
-1.4505 0.0
-1.45 0.0
-1.4495 0.0
-1.449 0.0
-1.4485 0.0
-1.448 0.0
-1.4475 0.0
-1.447 0.0
-1.4465 0.0
-1.446 0.0
-1.4455 0.0
-1.445 0.0
-1.4445 0.0
-1.444 0.0
-1.4435 0.0
-1.443 0.0
-1.4425 0.0
-1.442 0.0
-1.4415 0.0
-1.441 0.0
-1.4405 0.0
-1.44 0.0
-1.4395 0.0
-1.439 0.0
-1.4385 0.0
-1.438 0.0
-1.4375 0.0
-1.437 0.0
-1.4365 0.0
-1.436 0.0
-1.4355 0.0
-1.435 0.0
-1.4345 0.0
-1.434 0.0
-1.4335 0.0
-1.433 0.0
-1.4325 0.0
-1.432 0.0
-1.4315 0.0
-1.431 0.0
-1.4305 0.0
-1.43 0.0
-1.4295 0.0
-1.429 0.0
-1.4285 0.0
-1.428 0.0
-1.4275 0.0
-1.427 0.0
-1.4265 0.0
-1.426 0.0
-1.4255 0.0
-1.425 0.0
-1.4245 0.0
-1.424 0.0
-1.4235 0.0
-1.423 0.0
-1.4225 0.0
-1.422 0.0
-1.4215 0.0
-1.421 0.0
-1.4205 0.0
-1.42 0.0
-1.4195 0.0
-1.419 0.0
-1.4185 0.0
-1.418 0.0
-1.4175 0.0
-1.417 0.0
-1.4165 0.0
-1.416 0.0
-1.4155 0.0
-1.415 0.0
-1.4145 0.0
-1.414 0.0
-1.4135 0.0
-1.413 0.0
-1.4125 0.0
-1.412 0.0
-1.4115 0.0
-1.411 0.0
-1.4105 0.0
-1.41 0.0
-1.4095 0.0
-1.409 0.0
-1.4085 0.0
-1.408 0.0
-1.4075 0.0
-1.407 0.0
-1.4065 0.0
-1.406 0.0
-1.4055 0.0
-1.405 0.0
-1.4045 0.0
-1.404 0.0
-1.4035 0.0
-1.403 0.0
-1.4025 0.0
-1.402 0.0
-1.4015 0.0
-1.401 0.0
-1.4005 0.0
-1.4 0.0
-1.3995 0.0
-1.399 0.0
-1.3985 0.0
-1.398 0.0
-1.3975 0.0
-1.397 0.0
-1.3965 0.0
-1.396 0.0
-1.3955 0.0
-1.395 0.0
-1.3945 0.0
-1.394 0.0
-1.3935 0.0
-1.393 0.0
-1.3925 0.0
-1.392 0.0
-1.3915 0.0
-1.391 0.0
-1.3905 0.0
-1.39 0.0
-1.3895 0.0
-1.389 0.0
-1.3885 0.0
-1.388 0.0
-1.3875 0.0
-1.387 0.0
-1.3865 0.0
-1.386 0.0
-1.3855 0.0
-1.385 0.0
-1.3845 0.0
-1.384 0.0
-1.3835 0.0
-1.383 0.0
-1.3825 0.0
-1.382 0.0
-1.3815 0.0
-1.381 0.0
-1.3805 0.0
-1.38 0.0
-1.3795 0.0
-1.379 0.0
-1.3785 0.0
-1.378 0.0
-1.3775 0.0
-1.377 0.0
-1.3765 0.0
-1.376 0.0
-1.3755 0.0
-1.375 0.0
-1.3745 0.0
-1.374 0.0
-1.3735 0.0
-1.373 0.0
-1.3725 0.0
-1.372 0.0
-1.3715 0.0
-1.371 0.0
-1.3705 0.0
-1.37 0.0
-1.3695 0.0
-1.369 0.0
-1.3685 0.0
-1.368 0.0
-1.3675 0.0
-1.367 0.0
-1.3665 0.0
-1.366 0.0
-1.3655 0.0
-1.365 0.0
-1.3645 0.0
-1.364 0.0
-1.3635 0.0
-1.363 0.0
-1.3625 0.0
-1.362 0.0
-1.3615 0.0
-1.361 0.0
-1.3605 0.0
-1.36 0.0
-1.3595 0.0
-1.359 0.0
-1.3585 0.0
-1.358 0.0
-1.3575 0.0
-1.357 0.0
-1.3565 0.0
-1.356 0.0
-1.3555 0.0
-1.355 0.0
-1.3545 0.0
-1.354 0.0
-1.3535 0.0
-1.353 0.0
-1.3525 0.0
-1.352 0.0
-1.3515 0.0
-1.351 0.0
-1.3505 0.0
-1.35 0.0
-1.3495 0.0
-1.349 0.0
-1.3485 0.0
-1.348 0.0
-1.3475 0.0
-1.347 0.0
-1.3465 0.0
-1.346 0.0
-1.3455 0.0
-1.345 0.0
-1.3445 0.0
-1.344 0.0
-1.3435 0.0
-1.343 0.0
-1.3425 0.0
-1.342 0.0
-1.3415 0.0
-1.341 0.0
-1.3405 0.0
-1.34 0.0
-1.3395 0.0
-1.339 0.0
-1.3385 0.0
-1.338 0.0
-1.3375 0.0
-1.337 0.0
-1.3365 0.0
-1.336 0.0
-1.3355 0.0
-1.335 0.0
-1.3345 0.0
-1.334 0.0
-1.3335 0.0
-1.333 0.0
-1.3325 0.0
-1.332 0.0
-1.3315 0.0
-1.331 0.0
-1.3305 0.0
-1.33 0.0
-1.3295 0.0
-1.329 0.0
-1.3285 0.0
-1.328 0.0
-1.3275 0.0
-1.327 0.0
-1.3265 0.0
-1.326 0.0
-1.3255 0.0
-1.325 0.0
-1.3245 0.0
-1.324 0.0
-1.3235 0.0
-1.323 0.0
-1.3225 0.0
-1.322 0.0
-1.3215 0.0
-1.321 0.0
-1.3205 0.0
-1.32 0.0
-1.3195 0.0
-1.319 0.0
-1.3185 0.0
-1.318 0.0
-1.3175 0.0
-1.317 0.0
-1.3165 0.0
-1.316 0.0
-1.3155 0.0
-1.315 0.0
-1.3145 0.0
-1.314 0.0
-1.3135 0.0
-1.313 0.0
-1.3125 0.0
-1.312 0.0
-1.3115 0.0
-1.311 0.0
-1.3105 0.0
-1.31 0.0
-1.3095 0.0
-1.309 0.0
-1.3085 0.0
-1.308 0.0
-1.3075 0.0
-1.307 0.0
-1.3065 0.0
-1.306 0.0
-1.3055 0.0
-1.305 0.0
-1.3045 0.0
-1.304 0.0
-1.3035 0.0
-1.303 0.0
-1.3025 0.0
-1.302 0.0
-1.3015 0.0
-1.301 0.0
-1.3005 0.0
-1.3 0.0
-1.2995 0.0
-1.299 0.0
-1.2985 0.0
-1.298 0.0
-1.2975 0.0
-1.297 0.0
-1.2965 0.0
-1.296 0.0
-1.2955 0.0
-1.295 0.0
-1.2945 0.0
-1.294 0.0
-1.2935 0.0
-1.293 0.0
-1.2925 0.0
-1.292 0.0
-1.2915 0.0
-1.291 0.0
-1.2905 0.0
-1.29 0.0
-1.2895 0.0
-1.289 0.0
-1.2885 0.0
-1.288 0.0
-1.2875 0.0
-1.287 0.0
-1.2865 0.0
-1.286 0.0
-1.2855 0.0
-1.285 0.0
-1.2845 0.0
-1.284 0.0
-1.2835 0.0
-1.283 0.0
-1.2825 0.0
-1.282 0.0
-1.2815 0.0
-1.281 0.0
-1.2805 0.0
-1.28 0.0
-1.2795 0.0
-1.279 0.0
-1.2785 0.0
-1.278 0.0
-1.2775 0.0
-1.277 0.0
-1.2765 0.0
-1.276 0.0
-1.2755 0.0
-1.275 0.0
-1.2745 0.0
-1.274 0.0
-1.2735 0.0
-1.273 0.0
-1.2725 0.0
-1.272 0.0
-1.2715 0.0
-1.271 0.0
-1.2705 0.0
-1.27 0.0
-1.2695 0.0
-1.269 0.0
-1.2685 0.0
-1.268 0.0
-1.2675 0.0
-1.267 0.0
-1.2665 0.0
-1.266 0.0
-1.2655 0.0
-1.265 0.0
-1.2645 0.0
-1.264 0.0
-1.2635 0.0
-1.263 0.0
-1.2625 0.0
-1.262 0.0
-1.2615 0.0
-1.261 0.0
-1.2605 0.0
-1.26 0.0
-1.2595 0.0
-1.259 0.0
-1.2585 0.0
-1.258 0.0
-1.2575 0.0
-1.257 0.0
-1.2565 0.0
-1.256 0.0
-1.2555 0.0
-1.255 0.0
-1.2545 0.0
-1.254 0.0
-1.2535 0.0
-1.253 0.0
-1.2525 0.0
-1.252 0.0
-1.2515 0.0
-1.251 0.0
-1.2505 0.0
-1.25 0.0
-1.2495 0.0
-1.249 0.0
-1.2485 0.0
-1.248 0.0
-1.2475 0.0
-1.247 0.0
-1.2465 0.0
-1.246 0.0
-1.2455 0.0
-1.245 0.0
-1.2445 0.0
-1.244 0.0
-1.2435 0.0
-1.243 0.0
-1.2425 0.0
-1.242 0.0
-1.2415 0.0
-1.241 0.0
-1.2405 0.0
-1.24 0.0
-1.2395 0.0
-1.239 0.0
-1.2385 0.0
-1.238 0.0
-1.2375 0.0
-1.237 0.0
-1.2365 0.0
-1.236 0.0
-1.2355 0.0
-1.235 0.0
-1.2345 0.0
-1.234 0.0
-1.2335 0.0
-1.233 0.0
-1.2325 0.0
-1.232 0.0
-1.2315 0.0
-1.231 0.0
-1.2305 0.0
-1.23 0.0
-1.2295 0.0
-1.229 0.0
-1.2285 0.0
-1.228 0.0
-1.2275 0.0
-1.227 0.0
-1.2265 0.0
-1.226 0.0
-1.2255 0.0
-1.225 0.0
-1.2245 0.0
-1.224 0.0
-1.2235 0.0
-1.223 0.0
-1.2225 0.0
-1.222 0.0
-1.2215 0.0
-1.221 0.0
-1.2205 0.0
-1.22 0.0
-1.2195 0.0
-1.219 0.0
-1.2185 0.0
-1.218 0.0
-1.2175 0.0
-1.217 0.0
-1.2165 0.0
-1.216 0.0
-1.2155 0.0
-1.215 0.0
-1.2145 0.0
-1.214 0.0
-1.2135 0.0
-1.213 0.0
-1.2125 0.0
-1.212 0.0
-1.2115 0.0
-1.211 0.0
-1.2105 0.0
-1.21 0.0
-1.2095 0.0
-1.209 0.0
-1.2085 0.0
-1.208 0.0
-1.2075 0.0
-1.207 0.0
-1.2065 0.0
-1.206 0.0
-1.2055 0.0
-1.205 0.0
-1.2045 0.0
-1.204 0.0
-1.2035 0.0
-1.203 0.0
-1.2025 0.0
-1.202 0.0
-1.2015 0.0
-1.201 0.0
-1.2005 0.0
-1.2 0.0
-1.1995 0.0
-1.199 0.0
-1.1985 0.0
-1.198 0.0
-1.1975 0.0
-1.197 0.0
-1.1965 0.0
-1.196 0.0
-1.1955 0.0
-1.195 0.0
-1.1945 0.0
-1.194 0.0
-1.1935 0.0
-1.193 0.0
-1.1925 0.0
-1.192 0.0
-1.1915 0.0
-1.191 0.0
-1.1905 0.0
-1.19 0.0
-1.1895 0.0
-1.189 0.0
-1.1885 0.0
-1.188 0.0
-1.1875 0.0
-1.187 0.0
-1.1865 0.0
-1.186 0.0
-1.1855 0.0
-1.185 0.0
-1.1845 0.0
-1.184 0.0
-1.1835 0.0
-1.183 0.0
-1.1825 0.0
-1.182 0.0
-1.1815 0.0
-1.181 0.0
-1.1805 0.0
-1.18 0.0
-1.1795 0.0
-1.179 0.0
-1.1785 0.0
-1.178 0.0
-1.1775 0.0
-1.177 0.0
-1.1765 0.0
-1.176 0.0
-1.1755 0.0
-1.175 0.0
-1.1745 0.0
-1.174 0.0
-1.1735 0.0
-1.173 0.0
-1.1725 0.0
-1.172 0.0
-1.1715 0.0
-1.171 0.0
-1.1705 0.0
-1.17 0.0
-1.1695 0.0
-1.169 0.0
-1.1685 0.0
-1.168 0.0
-1.1675 0.0
-1.167 0.0
-1.1665 0.0
-1.166 0.0
-1.1655 0.0
-1.165 0.0
-1.1645 0.0
-1.164 0.0
-1.1635 0.0
-1.163 0.0
-1.1625 0.0
-1.162 0.0
-1.1615 0.0
-1.161 0.0
-1.1605 0.0
-1.16 0.0
-1.1595 0.0
-1.159 0.0
-1.1585 0.0
-1.158 0.0
-1.1575 0.0
-1.157 0.0
-1.1565 0.0
-1.156 0.0
-1.1555 0.0
-1.155 0.0
-1.1545 0.0
-1.154 0.0
-1.1535 0.0
-1.153 0.0
-1.1525 0.0
-1.152 0.0
-1.1515 0.0
-1.151 0.0
-1.1505 0.0
-1.15 0.0
-1.1495 0.0
-1.149 0.0
-1.1485 0.0
-1.148 0.0
-1.1475 0.0
-1.147 0.0
-1.1465 0.0
-1.146 0.0
-1.1455 0.0
-1.145 0.0
-1.1445 0.0
-1.144 0.0
-1.1435 0.0
-1.143 0.0
-1.1425 0.0
-1.142 0.0
-1.1415 0.0
-1.141 0.0
-1.1405 0.0
-1.14 0.0
-1.1395 0.0
-1.139 0.0
-1.1385 0.0
-1.138 0.0
-1.1375 0.0
-1.137 0.0
-1.1365 0.0
-1.136 0.0
-1.1355 0.0
-1.135 0.0
-1.1345 0.0
-1.134 0.0
-1.1335 0.0
-1.133 0.0
-1.1325 0.0
-1.132 0.0
-1.1315 0.0
-1.131 0.0
-1.1305 0.0
-1.13 0.0
-1.1295 0.0
-1.129 0.0
-1.1285 0.0
-1.128 0.0
-1.1275 0.0
-1.127 0.0
-1.1265 0.0
-1.126 0.0
-1.1255 0.0
-1.125 0.0
-1.1245 0.0
-1.124 0.0
-1.1235 0.0
-1.123 0.0
-1.1225 0.0
-1.122 0.0
-1.1215 0.0
-1.121 0.0
-1.1205 0.0
-1.12 0.0
-1.1195 0.0
-1.119 0.0
-1.1185 0.0
-1.118 0.0
-1.1175 0.0
-1.117 0.0
-1.1165 0.0
-1.116 0.0
-1.1155 0.0
-1.115 0.0
-1.1145 0.0
-1.114 0.0
-1.1135 0.0
-1.113 0.0
-1.1125 0.0
-1.112 0.0
-1.1115 0.0
-1.111 0.0
-1.1105 0.0
-1.11 0.0
-1.1095 0.0
-1.109 0.0
-1.1085 0.0
-1.108 0.0
-1.1075 0.0
-1.107 0.0
-1.1065 0.0
-1.106 0.0
-1.1055 0.0
-1.105 0.0
-1.1045 0.0
-1.104 0.0
-1.1035 0.0
-1.103 0.0
-1.1025 0.0
-1.102 0.0
-1.1015 0.0
-1.101 0.0
-1.1005 0.0
-1.1 0.0
-1.0995 0.0
-1.099 0.0
-1.0985 0.0
-1.098 0.0
-1.0975 0.0
-1.097 0.0
-1.0965 0.0
-1.096 0.0
-1.0955 0.0
-1.095 0.0
-1.0945 0.0
-1.094 0.0
-1.0935 0.0
-1.093 0.0
-1.0925 0.0
-1.092 0.0
-1.0915 0.0
-1.091 0.0
-1.0905 0.0
-1.09 0.0
-1.0895 0.0
-1.089 0.0
-1.0885 0.0
-1.088 0.0
-1.0875 0.0
-1.087 0.0
-1.0865 0.0
-1.086 0.0
-1.0855 0.0
-1.085 0.0
-1.0845 0.0
-1.084 0.0
-1.0835 0.0
-1.083 0.0
-1.0825 0.0
-1.082 0.0
-1.0815 0.0
-1.081 0.0
-1.0805 0.0
-1.08 0.0
-1.0795 0.0
-1.079 0.0
-1.0785 0.0
-1.078 0.0
-1.0775 0.0
-1.077 0.0
-1.0765 0.0
-1.076 0.0
-1.0755 0.0
-1.075 0.0
-1.0745 0.0
-1.074 0.0
-1.0735 0.0
-1.073 0.0
-1.0725 0.0
-1.072 0.0
-1.0715 0.0
-1.071 0.0
-1.0705 0.0
-1.07 0.0
-1.0695 0.0
-1.069 0.0
-1.0685 0.0
-1.068 0.0
-1.0675 0.0
-1.067 0.0
-1.0665 0.0
-1.066 0.0
-1.0655 0.0
-1.065 0.0
-1.0645 0.0
-1.064 0.0
-1.0635 0.0
-1.063 0.0
-1.0625 0.0
-1.062 0.0
-1.0615 0.0
-1.061 0.0
-1.0605 0.0
-1.06 0.0
-1.0595 0.0
-1.059 0.0
-1.0585 0.0
-1.058 0.0
-1.0575 0.0
-1.057 0.0
-1.0565 0.0
-1.056 0.0
-1.0555 0.0
-1.055 0.0
-1.0545 0.0
-1.054 0.0
-1.0535 0.0
-1.053 0.0
-1.0525 0.0
-1.052 0.0
-1.0515 0.0
-1.051 0.0
-1.0505 0.0
-1.05 0.0
-1.0495 0.0
-1.049 0.0
-1.0485 0.0
-1.048 0.0
-1.0475 0.0
-1.047 0.0
-1.0465 0.0
-1.046 0.0
-1.0455 0.0
-1.045 0.0
-1.0445 0.0
-1.044 0.0
-1.0435 0.0
-1.043 0.0
-1.0425 0.0
-1.042 0.0
-1.0415 0.0
-1.041 0.0
-1.0405 0.0
-1.04 0.0
-1.0395 0.0
-1.039 0.0
-1.0385 0.0
-1.038 0.0
-1.0375 0.0
-1.037 0.0
-1.0365 0.0
-1.036 0.0
-1.0355 0.0
-1.035 0.0
-1.0345 0.0
-1.034 0.0
-1.0335 0.0
-1.033 0.0
-1.0325 0.0
-1.032 0.0
-1.0315 0.0
-1.031 0.0
-1.0305 0.0
-1.03 0.0
-1.0295 0.0
-1.029 0.0
-1.0285 0.0
-1.028 0.0
-1.0275 0.0
-1.027 0.0
-1.0265 0.0
-1.026 0.0
-1.0255 0.0
-1.025 0.0
-1.0245 0.0
-1.024 0.0
-1.0235 0.0
-1.023 0.0
-1.0225 0.0
-1.022 0.0
-1.0215 0.0
-1.021 0.0
-1.0205 0.0
-1.02 0.0
-1.0195 0.0
-1.019 0.0
-1.0185 0.0
-1.018 0.0
-1.0175 0.0
-1.017 0.0
-1.0165 0.0
-1.016 0.0
-1.0155 0.0
-1.015 0.0
-1.0145 0.0
-1.014 0.0
-1.0135 0.0
-1.013 0.0
-1.0125 0.0
-1.012 0.0
-1.0115 0.0
-1.011 0.0
-1.0105 0.0
-1.01 0.0
-1.0095 0.0
-1.009 0.0
-1.0085 0.0
-1.008 0.0
-1.0075 0.0
-1.007 0.0
-1.0065 0.0
-1.006 0.0
-1.0055 0.0
-1.005 0.0
-1.0045 0.0
-1.004 0.0
-1.0035 0.0
-1.003 0.0
-1.0025 0.0
-1.002 0.0
-1.0015 0.0
-1.001 0.0
-1.0005 0.0
-1.0 0.0
-0.9995 0.0
-0.999 0.0
-0.9985 0.0
-0.998 0.0
-0.9975 0.0
-0.997 0.0
-0.9965 0.0
-0.996 0.0
-0.9955 0.0
-0.995 0.0
-0.9945 0.0
-0.994 0.0
-0.9935 0.0
-0.993 0.0
-0.9925 0.0
-0.992 0.0
-0.9915 0.0
-0.991 0.0
-0.9905 0.0
-0.99 0.0
-0.9895 0.0
-0.989 0.0
-0.9885 0.0
-0.988 0.0
-0.9875 0.0
-0.987 0.0
-0.9865 0.0
-0.986 0.0
-0.9855 0.0
-0.985 0.0
-0.9845 0.0
-0.984 0.0
-0.9835 0.0
-0.983 0.0
-0.9825 0.0
-0.982 0.0
-0.9815 0.0
-0.981 0.0
-0.9805 0.0
-0.98 0.0
-0.9795 0.0
-0.979 0.0
-0.9785 0.0
-0.978 0.0
-0.9775 0.0
-0.977 0.0
-0.9765 0.0
-0.976 0.0
-0.9755 0.0
-0.975 0.0
-0.9745 0.0
-0.974 0.0
-0.9735 0.0
-0.973 0.0
-0.9725 0.0
-0.972 0.0
-0.9715 0.0
-0.971 0.0
-0.9705 0.0
-0.97 0.0
-0.9695 0.0
-0.969 0.0
-0.9685 0.0
-0.968 0.0
-0.9675 0.0
-0.967 0.0
-0.9665 0.0
-0.966 0.0
-0.9655 0.0
-0.965 0.0
-0.9645 0.0
-0.964 0.0
-0.9635 0.0
-0.963 0.0
-0.9625 0.0
-0.962 0.0
-0.9615 0.0
-0.961 0.0
-0.9605 0.0
-0.96 0.0
-0.9595 0.0
-0.959 0.0
-0.9585 0.0
-0.958 0.0
-0.9575 0.0
-0.957 0.0
-0.9565 0.0
-0.956 0.0
-0.9555 0.0
-0.955 0.0
-0.9545 0.0
-0.954 0.0
-0.9535 0.0
-0.953 0.0
-0.9525 0.0
-0.952 0.0
-0.9515 0.0
-0.951 0.0
-0.9505 0.0
-0.95 0.0
-0.9495 0.0
-0.949 0.0
-0.9485 0.0
-0.948 0.0
-0.9475 0.0
-0.947 0.0
-0.9465 0.0
-0.946 0.0
-0.9455 0.0
-0.945 0.0
-0.9445 0.0
-0.944 0.0
-0.9435 0.0
-0.943 0.0
-0.9425 0.0
-0.942 0.0
-0.9415 0.0
-0.941 0.0
-0.9405 0.0
-0.94 0.0
-0.9395 0.0
-0.939 0.0
-0.9385 0.0
-0.938 0.0
-0.9375 0.0
-0.937 0.0
-0.9365 0.0
-0.936 0.0
-0.9355 0.0
-0.935 0.0
-0.9345 0.0
-0.934 0.0
-0.9335 0.0
-0.933 0.0
-0.9325 0.0
-0.932 0.0
-0.9315 0.0
-0.931 0.0
-0.9305 0.0
-0.93 0.0
-0.9295 0.0
-0.929 0.0
-0.9285 0.0
-0.928 0.0
-0.9275 0.0
-0.927 0.0
-0.9265 0.0
-0.926 0.0
-0.9255 0.0
-0.925 0.0
-0.9245 0.0
-0.924 0.0
-0.9235 0.0
-0.923 0.0
-0.9225 0.0
-0.922 0.0
-0.9215 0.0
-0.921 0.0
-0.9205 0.0
-0.92 0.0
-0.9195 0.0
-0.919 0.0
-0.9185 0.0
-0.918 0.0
-0.9175 0.0
-0.917 0.0
-0.9165 0.0
-0.916 0.0
-0.9155 0.0
-0.915 0.0
-0.9145 0.0
-0.914 0.0
-0.9135 0.0
-0.913 0.0
-0.9125 0.0
-0.912 0.0
-0.9115 0.0
-0.911 0.0
-0.9105 0.0
-0.91 0.0
-0.9095 0.0
-0.909 0.0
-0.9085 0.0
-0.908 0.0
-0.9075 0.0
-0.907 0.0
-0.9065 0.0
-0.906 0.0
-0.9055 0.0
-0.905 0.0
-0.9045 0.0
-0.904 0.0
-0.9035 0.0
-0.903 0.0
-0.9025 0.0
-0.902 0.0
-0.9015 0.0
-0.901 0.0
-0.9005 0.0
-0.9 0.0
-0.8995 0.0
-0.899 0.0
-0.8985 0.0
-0.898 0.0
-0.8975 0.0
-0.897 0.0
-0.8965 0.0
-0.896 0.0
-0.8955 0.0
-0.895 0.0
-0.8945 0.0
-0.894 0.0
-0.8935 0.0
-0.893 0.0
-0.8925 0.0
-0.892 0.0
-0.8915 0.0
-0.891 0.0
-0.8905 0.0
-0.89 0.0
-0.8895 0.0
-0.889 0.0
-0.8885 0.0
-0.888 0.0
-0.8875 0.0
-0.887 0.0
-0.8865 0.0
-0.886 0.0
-0.8855 0.0
-0.885 0.0
-0.8845 0.0
-0.884 0.0
-0.8835 0.0
-0.883 0.0
-0.8825 0.0
-0.882 0.0
-0.8815 0.0
-0.881 0.0
-0.8805 0.0
-0.88 0.0
-0.8795 0.0
-0.879 0.0
-0.8785 0.0
-0.878 0.0
-0.8775 0.0
-0.877 0.0
-0.8765 0.0
-0.876 0.0
-0.8755 0.0
-0.875 0.0
-0.8745 0.0
-0.874 0.0
-0.8735 0.0
-0.873 0.0
-0.8725 0.0
-0.872 0.0
-0.8715 0.0
-0.871 0.0
-0.8705 0.0
-0.87 0.0
-0.8695 0.0
-0.869 0.0
-0.8685 0.0
-0.868 0.0
-0.8675 0.0
-0.867 0.0
-0.8665 0.0
-0.866 0.0
-0.8655 0.0
-0.865 0.0
-0.8645 0.0
-0.864 0.0
-0.8635 0.0
-0.863 0.0
-0.8625 0.0
-0.862 0.0
-0.8615 0.0
-0.861 0.0
-0.8605 0.0
-0.86 0.0
-0.8595 0.0
-0.859 0.0
-0.8585 0.0
-0.858 0.0
-0.8575 0.0
-0.857 0.0
-0.8565 0.0
-0.856 0.0
-0.8555 0.0
-0.855 0.0
-0.8545 0.0
-0.854 0.0
-0.8535 0.0
-0.853 0.0
-0.8525 0.0
-0.852 0.0
-0.8515 0.0
-0.851 0.0
-0.8505 0.0
-0.85 0.0
-0.8495 0.0
-0.849 0.0
-0.8485 0.0
-0.848 0.0
-0.8475 0.0
-0.847 0.0
-0.8465 0.0
-0.846 0.0
-0.8455 0.0
-0.845 0.0
-0.8445 0.0
-0.844 0.0
-0.8435 0.0
-0.843 0.0
-0.8425 0.0
-0.842 0.0
-0.8415 0.0
-0.841 0.0
-0.8405 0.0
-0.84 0.0
-0.8395 0.0
-0.839 0.0
-0.8385 0.0
-0.838 0.0
-0.8375 0.0
-0.837 0.0
-0.8365 0.0
-0.836 0.0
-0.8355 0.0
-0.835 0.0
-0.8345 0.0
-0.834 0.0
-0.8335 0.0
-0.833 0.0
-0.8325 0.0
-0.832 0.0
-0.8315 0.0
-0.831 0.0
-0.8305 0.0
-0.83 0.0
-0.8295 0.0
-0.829 0.0
-0.8285 0.0
-0.828 0.0
-0.8275 0.0
-0.827 0.0
-0.8265 0.0
-0.826 0.0
-0.8255 0.0
-0.825 0.0
-0.8245 0.0
-0.824 0.0
-0.8235 0.0
-0.823 0.0
-0.8225 0.0
-0.822 0.0
-0.8215 0.0
-0.821 0.0
-0.8205 0.0
-0.82 0.0
-0.8195 0.0
-0.819 0.0
-0.8185 0.0
-0.818 0.0
-0.8175 0.0
-0.817 0.0
-0.8165 0.0
-0.816 0.0
-0.8155 0.0
-0.815 0.0
-0.8145 0.0
-0.814 0.0
-0.8135 0.0
-0.813 0.0
-0.8125 0.0
-0.812 0.0
-0.8115 0.0
-0.811 0.0
-0.8105 0.0
-0.81 0.0
-0.8095 0.0
-0.809 0.0
-0.8085 0.0
-0.808 0.0
-0.8075 0.0
-0.807 0.0
-0.8065 0.0
-0.806 0.0
-0.8055 0.0
-0.805 0.0
-0.8045 0.0
-0.804 0.0
-0.8035 0.0
-0.803 0.0
-0.8025 0.0
-0.802 0.0
-0.8015 0.0
-0.801 0.0
-0.8005 0.0
-0.8 0.0
-0.7995 0.0
-0.799 0.0
-0.7985 0.0
-0.798 0.0
-0.7975 0.0
-0.797 0.0
-0.7965 0.0
-0.796 0.0
-0.7955 0.0
-0.795 0.0
-0.7945 0.0
-0.794 0.0
-0.7935 0.0
-0.793 0.0
-0.7925 0.0
-0.792 0.0
-0.7915 0.0
-0.791 0.0
-0.7905 0.0
-0.79 0.0
-0.7895 0.0
-0.789 0.0
-0.7885 0.0
-0.788 0.0
-0.7875 0.0
-0.787 0.0
-0.7865 0.0
-0.786 0.0
-0.7855 0.0
-0.785 0.0
-0.7845 0.0
-0.784 0.0
-0.7835 0.0
-0.783 0.0
-0.7825 0.0
-0.782 0.0
-0.7815 0.0
-0.781 0.0
-0.7805 0.0
-0.78 0.0
-0.7795 0.0
-0.779 0.0
-0.7785 0.0
-0.778 0.0
-0.7775 0.0
-0.777 0.0
-0.7765 0.0
-0.776 0.0
-0.7755 0.0
-0.775 0.0
-0.7745 0.0
-0.774 0.0
-0.7735 0.0
-0.773 0.0
-0.7725 0.0
-0.772 0.0
-0.7715 0.0
-0.771 0.0
-0.7705 0.0
-0.77 0.0
-0.7695 0.0
-0.769 0.0
-0.7685 0.0
-0.768 0.0
-0.7675 0.0
-0.767 0.0
-0.7665 0.0
-0.766 0.0
-0.7655 0.0
-0.765 0.0
-0.7645 0.0
-0.764 0.0
-0.7635 0.0
-0.763 0.0
-0.7625 0.0
-0.762 0.0
-0.7615 0.0
-0.761 0.0
-0.7605 0.0
-0.76 0.0
-0.7595 0.0
-0.759 0.0
-0.7585 0.0
-0.758 0.0
-0.7575 0.0
-0.757 0.0
-0.7565 0.0
-0.756 0.0
-0.7555 0.0
-0.755 0.0
-0.7545 0.0
-0.754 0.0
-0.7535 0.0
-0.753 0.0
-0.7525 0.0
-0.752 0.0
-0.7515 0.0
-0.751 0.0
-0.7505 0.0
-0.75 0.0
-0.7495 0.0
-0.749 0.0
-0.7485 0.0
-0.748 0.0
-0.7475 0.0
-0.747 0.0
-0.7465 0.0
-0.746 0.0
-0.7455 0.0
-0.745 0.0
-0.7445 0.0
-0.744 0.0
-0.7435 0.0
-0.743 0.0
-0.7425 0.0
-0.742 0.0
-0.7415 0.0
-0.741 0.0
-0.7405 0.0
-0.74 0.0
-0.7395 0.0
-0.739 0.0
-0.7385 0.0
-0.738 0.0
-0.7375 0.0
-0.737 0.0
-0.7365 0.0
-0.736 0.0
-0.7355 0.0
-0.735 0.0
-0.7345 0.0
-0.734 0.0
-0.7335 0.0
-0.733 0.0
-0.7325 0.0
-0.732 0.0
-0.7315 0.0
-0.731 0.0
-0.7305 0.0
-0.73 0.0
-0.7295 0.0
-0.729 0.0
-0.7285 0.0
-0.728 0.0
-0.7275 0.0
-0.727 0.0
-0.7265 0.0
-0.726 0.0
-0.7255 0.0
-0.725 0.0
-0.7245 0.0
-0.724 0.0
-0.7235 0.0
-0.723 0.0
-0.7225 0.0
-0.722 0.0
-0.7215 0.0
-0.721 0.0
-0.7205 0.0
-0.72 0.0
-0.7195 0.0
-0.719 0.0
-0.7185 0.0
-0.718 0.0
-0.7175 0.0
-0.717 0.0
-0.7165 0.0
-0.716 0.0
-0.7155 0.0
-0.715 0.0
-0.7145 0.0
-0.714 0.0
-0.7135 0.0
-0.713 0.0
-0.7125 0.0
-0.712 0.0
-0.7115 0.0
-0.711 0.0
-0.7105 0.0
-0.71 0.0
-0.7095 0.0
-0.709 0.0
-0.7085 0.0
-0.708 0.0
-0.7075 0.0
-0.707 0.0
-0.7065 0.0
-0.706 0.0
-0.7055 0.0
-0.705 0.0
-0.7045 0.0
-0.704 0.0
-0.7035 0.0
-0.703 0.0
-0.7025 0.0
-0.702 0.0
-0.7015 0.0
-0.701 0.0
-0.7005 0.0
-0.7 0.0
-0.6995 0.0
-0.699 0.0
-0.6985 0.0
-0.698 0.0
-0.6975 0.0
-0.697 0.0
-0.6965 0.0
-0.696 0.0
-0.6955 0.0
-0.695 0.0
-0.6945 0.0
-0.694 0.0
-0.6935 0.0
-0.693 0.0
-0.6925 0.0
-0.692 0.0
-0.6915 0.0
-0.691 0.0
-0.6905 0.0
-0.69 0.0
-0.6895 0.0
-0.689 0.0
-0.6885 0.0
-0.688 0.0
-0.6875 0.0
-0.687 0.0
-0.6865 0.0
-0.686 0.0
-0.6855 0.0
-0.685 0.0
-0.6845 0.0
-0.684 0.0
-0.6835 0.0
-0.683 0.0
-0.6825 0.0
-0.682 0.0
-0.6815 0.0
-0.681 0.0
-0.6805 0.0
-0.68 0.0
-0.6795 0.0
-0.679 0.0
-0.6785 0.0
-0.678 0.0
-0.6775 0.0
-0.677 0.0
-0.6765 0.0
-0.676 0.0
-0.6755 0.0
-0.675 0.0
-0.6745 0.0
-0.674 0.0
-0.6735 0.0
-0.673 0.0
-0.6725 0.0
-0.672 0.0
-0.6715 0.0
-0.671 0.0
-0.6705 0.0
-0.67 0.0
-0.6695 0.0
-0.669 0.0
-0.6685 0.0
-0.668 0.0
-0.6675 0.0
-0.667 0.0
-0.6665 0.0
-0.666 0.0
-0.6655 0.0
-0.665 0.0
-0.6645 0.0
-0.664 0.0
-0.6635 0.0
-0.663 0.0
-0.6625 0.0
-0.662 0.0
-0.6615 0.0
-0.661 0.0
-0.6605 0.0
-0.66 0.0
-0.6595 0.0
-0.659 0.0
-0.6585 0.0
-0.658 0.0
-0.6575 0.0
-0.657 0.0
-0.6565 0.0
-0.656 0.0
-0.6555 0.0
-0.655 0.0
-0.6545 0.0
-0.654 0.0
-0.6535 0.0
-0.653 0.0
-0.6525 0.0
-0.652 0.0
-0.6515 0.0
-0.651 0.0
-0.6505 0.0
-0.65 0.0
-0.6495 0.0
-0.649 0.0
-0.6485 0.0
-0.648 0.0
-0.6475 0.0
-0.647 0.0
-0.6465 0.0
-0.646 0.0
-0.6455 0.0
-0.645 0.0
-0.6445 0.0
-0.644 0.0
-0.6435 0.0
-0.643 0.0
-0.6425 0.0
-0.642 0.0
-0.6415 0.0
-0.641 0.0
-0.6405 0.0
-0.64 0.0
-0.6395 0.0
-0.639 0.0
-0.6385 0.0
-0.638 0.0
-0.6375 0.0
-0.637 0.0
-0.6365 0.0
-0.636 0.0
-0.6355 0.0
-0.635 0.0
-0.6345 0.0
-0.634 0.0
-0.6335 0.0
-0.633 0.0
-0.6325 0.0
-0.632 0.0
-0.6315 0.0
-0.631 0.0
-0.6305 0.0
-0.63 0.0
-0.6295 0.0
-0.629 0.0
-0.6285 0.0
-0.628 0.0
-0.6275 0.0
-0.627 0.0
-0.6265 0.0
-0.626 0.0
-0.6255 0.0
-0.625 0.0
-0.6245 0.0
-0.624 0.0
-0.6235 0.0
-0.623 0.0
-0.6225 0.0
-0.622 0.0
-0.6215 0.0
-0.621 0.0
-0.6205 0.0
-0.62 0.0
-0.6195 0.0
-0.619 0.0
-0.6185 0.0
-0.618 0.0
-0.6175 0.0
-0.617 0.0
-0.6165 0.0
-0.616 0.0
-0.6155 0.0
-0.615 0.0
-0.6145 0.0
-0.614 0.0
-0.6135 0.0
-0.613 0.0
-0.6125 0.0
-0.612 0.0
-0.6115 0.0
-0.611 0.0
-0.6105 0.0
-0.61 0.0
-0.6095 0.0
-0.609 0.0
-0.6085 0.0
-0.608 0.0
-0.6075 0.0
-0.607 0.0
-0.6065 0.0
-0.606 0.0
-0.6055 0.0
-0.605 0.0
-0.6045 0.0
-0.604 0.0
-0.6035 0.0
-0.603 0.0
-0.6025 0.0
-0.602 0.0
-0.6015 0.0
-0.601 0.0
-0.6005 0.0
-0.6 0.0
-0.5995 0.0
-0.599 0.0
-0.5985 0.0
-0.598 0.0
-0.5975 0.0
-0.597 0.0
-0.5965 0.0
-0.596 0.0
-0.5955 0.0
-0.595 0.0
-0.5945 0.0
-0.594 0.0
-0.5935 0.0
-0.593 0.0
-0.5925 0.0
-0.592 0.0
-0.5915 0.0
-0.591 0.0
-0.5905 0.0
-0.59 0.0
-0.5895 0.0
-0.589 0.0
-0.5885 0.0
-0.588 0.0
-0.5875 0.0
-0.587 0.0
-0.5865 0.0
-0.586 0.0
-0.5855 0.0
-0.585 0.0
-0.5845 0.0
-0.584 0.0
-0.5835 0.0
-0.583 0.0
-0.5825 0.0
-0.582 0.0
-0.5815 0.0
-0.581 0.0
-0.5805 0.0
-0.58 0.0
-0.5795 0.0
-0.579 0.0
-0.5785 0.0
-0.578 0.0
-0.5775 0.0
-0.577 0.0
-0.5765 0.0
-0.576 0.0
-0.5755 0.0
-0.575 0.0
-0.5745 0.0
-0.574 0.0
-0.5735 0.0
-0.573 0.0
-0.5725 0.0
-0.572 0.0
-0.5715 0.0
-0.571 0.0
-0.5705 0.0
-0.57 0.0
-0.5695 0.0
-0.569 0.0
-0.5685 0.0
-0.568 0.0
-0.5675 0.0
-0.567 0.0
-0.5665 0.0
-0.566 0.0
-0.5655 0.0
-0.565 0.0
-0.5645 0.0
-0.564 0.0
-0.5635 0.0
-0.563 0.0
-0.5625 0.0
-0.562 0.0
-0.5615 0.0
-0.561 0.0
-0.5605 0.0
-0.56 0.0
-0.5595 0.0
-0.559 0.0
-0.5585 0.0
-0.558 0.0
-0.5575 0.0
-0.557 0.0
-0.5565 0.0
-0.556 0.0
-0.5555 0.0
-0.555 0.0
-0.5545 0.0
-0.554 0.0
-0.5535 0.0
-0.553 0.0
-0.5525 0.0
-0.552 0.0
-0.5515 0.0
-0.551 0.0
-0.5505 0.0
-0.55 0.0
-0.5495 0.0
-0.549 0.0
-0.5485 0.0
-0.548 0.0
-0.5475 0.0
-0.547 0.0
-0.5465 0.0
-0.546 0.0
-0.5455 0.0
-0.545 0.0
-0.5445 0.0
-0.544 0.0
-0.5435 0.0
-0.543 0.0
-0.5425 0.0
-0.542 0.0
-0.5415 0.0
-0.541 0.0
-0.5405 0.0
-0.54 0.0
-0.5395 0.0
-0.539 0.0
-0.5385 0.0
-0.538 0.0
-0.5375 0.0
-0.537 0.0
-0.5365 0.0
-0.536 0.0
-0.5355 0.0
-0.535 0.0
-0.5345 0.0
-0.534 0.0
-0.5335 0.0
-0.533 0.0
-0.5325 0.0
-0.532 0.0
-0.5315 0.0
-0.531 0.0
-0.5305 0.0
-0.53 0.0
-0.5295 0.0
-0.529 0.0
-0.5285 0.0
-0.528 0.0
-0.5275 0.0
-0.527 0.0
-0.5265 0.0
-0.526 0.0
-0.5255 0.0
-0.525 0.0
-0.5245 0.0
-0.524 0.0
-0.5235 0.0
-0.523 0.0
-0.5225 0.0
-0.522 0.0
-0.5215 0.0
-0.521 0.0
-0.5205 0.0
-0.52 0.0
-0.5195 0.0
-0.519 0.0
-0.5185 0.0
-0.518 0.0
-0.5175 0.0
-0.517 0.0
-0.5165 0.0
-0.516 0.0
-0.5155 0.0
-0.515 0.0
-0.5145 0.0
-0.514 0.0
-0.5135 0.0
-0.513 0.0
-0.5125 0.0
-0.512 0.0
-0.5115 0.0
-0.511 0.0
-0.5105 0.0
-0.51 0.0
-0.5095 0.0
-0.509 0.0
-0.5085 0.0
-0.508 0.0
-0.5075 0.0
-0.507 0.0
-0.5065 0.0
-0.506 0.0
-0.5055 0.0
-0.505 0.0
-0.5045 0.0
-0.504 0.0
-0.5035 0.0
-0.503 0.0
-0.5025 0.0
-0.502 0.0
-0.5015 0.0
-0.501 0.0
-0.5005 0.0
-0.5 0.0
-0.4995 0.0
-0.499 0.0
-0.4985 0.0
-0.498 0.0
-0.4975 0.0
-0.497 0.0
-0.4965 0.0
-0.496 0.0
-0.4955 0.0
-0.495 0.0
-0.4945 0.0
-0.494 0.0
-0.4935 0.0
-0.493 0.0
-0.4925 0.0
-0.492 0.0
-0.4915 0.0
-0.491 0.0
-0.4905 0.0
-0.49 0.0
-0.4895 0.0
-0.489 0.0
-0.4885 0.0
-0.488 0.0
-0.4875 0.0
-0.487 0.0
-0.4865 0.0
-0.486 0.0
-0.4855 0.0
-0.485 0.0
-0.4845 0.0
-0.484 0.0
-0.4835 0.0
-0.483 0.0
-0.4825 0.0
-0.482 0.0
-0.4815 0.0
-0.481 0.0
-0.4805 0.0
-0.48 0.0
-0.4795 0.0
-0.479 0.0
-0.4785 0.0
-0.478 0.0
-0.4775 0.0
-0.477 0.0
-0.4765 0.0
-0.476 0.0
-0.4755 0.0
-0.475 0.0
-0.4745 0.0
-0.474 0.0
-0.4735 0.0
-0.473 0.0
-0.4725 0.0
-0.472 0.0
-0.4715 0.0
-0.471 0.0
-0.4705 0.0
-0.47 0.0
-0.4695 0.0
-0.469 0.0
-0.4685 0.0
-0.468 0.0
-0.4675 0.0
-0.467 0.0
-0.4665 0.0
-0.466 0.0
-0.4655 0.0
-0.465 0.0
-0.4645 0.0
-0.464 0.0
-0.4635 0.0
-0.463 0.0
-0.4625 0.0
-0.462 0.0
-0.4615 0.0
-0.461 0.0
-0.4605 0.0
-0.46 0.0
-0.4595 0.0
-0.459 0.0
-0.4585 0.0
-0.458 0.0
-0.4575 0.0
-0.457 0.0
-0.4565 0.0
-0.456 0.0
-0.4555 0.0
-0.455 0.0
-0.4545 0.0
-0.454 0.0
-0.4535 0.0
-0.453 0.0
-0.4525 0.0
-0.452 0.0
-0.4515 0.0
-0.451 0.0
-0.4505 0.0
-0.45 0.0
-0.4495 0.0
-0.449 0.0
-0.4485 0.0
-0.448 0.0
-0.4475 0.0
-0.447 0.0
-0.4465 0.0
-0.446 0.0
-0.4455 0.0
-0.445 0.0
-0.4445 0.0
-0.444 0.0
-0.4435 0.0
-0.443 0.0
-0.4425 0.0
-0.442 0.0
-0.4415 0.0
-0.441 0.0
-0.4405 0.0
-0.44 0.0
-0.4395 0.0
-0.439 0.0
-0.4385 0.0
-0.438 0.0
-0.4375 0.0
-0.437 0.0
-0.4365 0.0
-0.436 0.0
-0.4355 0.0
-0.435 0.0
-0.4345 0.0
-0.434 0.0
-0.4335 0.0
-0.433 0.0
-0.4325 0.0
-0.432 0.0
-0.4315 0.0
-0.431 0.0
-0.4305 0.0
-0.43 0.0
-0.4295 0.0
-0.429 0.0
-0.4285 0.0
-0.428 0.0
-0.4275 0.0
-0.427 0.0
-0.4265 0.0
-0.426 0.0
-0.4255 0.0
-0.425 0.0
-0.4245 0.0
-0.424 0.0
-0.4235 0.0
-0.423 0.0
-0.4225 0.0
-0.422 0.0
-0.4215 0.0
-0.421 0.0
-0.4205 0.0
-0.42 0.0
-0.4195 0.0
-0.419 0.0
-0.4185 0.0
-0.418 0.0
-0.4175 0.0
-0.417 0.0
-0.4165 0.0
-0.416 0.0
-0.4155 0.0
-0.415 0.0
-0.4145 0.0
-0.414 0.0
-0.4135 0.0
-0.413 0.0
-0.4125 0.0
-0.412 0.0
-0.4115 0.0
-0.411 0.0
-0.4105 0.0
-0.41 0.0
-0.4095 0.0
-0.409 0.0
-0.4085 0.0
-0.408 0.0
-0.4075 0.0
-0.407 0.0
-0.4065 0.0
-0.406 0.0
-0.4055 0.0
-0.405 0.0
-0.4045 0.0
-0.404 0.0
-0.4035 0.0
-0.403 0.0
-0.4025 0.0
-0.402 0.0
-0.4015 0.0
-0.401 0.0
-0.4005 0.0
-0.4 0.0
-0.3995 0.0
-0.399 0.0
-0.3985 0.0
-0.398 0.0
-0.3975 0.0
-0.397 0.0
-0.3965 0.0
-0.396 0.0
-0.3955 0.0
-0.395 0.0
-0.3945 0.0
-0.394 0.0
-0.3935 0.0
-0.393 0.0
-0.3925 0.0
-0.392 0.0
-0.3915 0.0
-0.391 0.0
-0.3905 0.0
-0.39 0.0
-0.3895 0.0
-0.389 0.0
-0.3885 0.0
-0.388 0.0
-0.3875 0.0
-0.387 0.0
-0.3865 0.0
-0.386 0.0
-0.3855 0.0
-0.385 0.0
-0.3845 0.0
-0.384 0.0
-0.3835 0.0
-0.383 0.0
-0.3825 0.0
-0.382 0.0
-0.3815 0.0
-0.381 0.0
-0.3805 0.0
-0.38 0.0
-0.3795 0.0
-0.379 0.0
-0.3785 0.0
-0.378 0.0
-0.3775 0.0
-0.377 0.0
-0.3765 0.0
-0.376 0.0
-0.3755 0.0
-0.375 0.0
-0.3745 0.0
-0.374 0.0
-0.3735 0.0
-0.373 0.0
-0.3725 0.0
-0.372 0.0
-0.3715 0.0
-0.371 0.0
-0.3705 0.0
-0.37 0.0
-0.3695 0.0
-0.369 0.0
-0.3685 0.0
-0.368 0.0
-0.3675 0.0
-0.367 0.0
-0.3665 0.0
-0.366 0.0
-0.3655 0.0
-0.365 0.0
-0.3645 0.0
-0.364 0.0
-0.3635 0.0
-0.363 0.0
-0.3625 0.0
-0.362 0.0
-0.3615 0.0
-0.361 0.0
-0.3605 0.0
-0.36 0.0
-0.3595 0.0
-0.359 0.0
-0.3585 0.0
-0.358 0.0
-0.3575 0.0
-0.357 0.0
-0.3565 0.0
-0.356 0.0
-0.3555 0.0
-0.355 0.0
-0.3545 0.0
-0.354 0.0
-0.3535 0.0
-0.353 0.0
-0.3525 0.0
-0.352 0.0
-0.3515 0.0
-0.351 0.0
-0.3505 0.0
-0.35 0.0
-0.3495 0.0
-0.349 0.0
-0.3485 0.0
-0.348 0.0
-0.3475 0.0
-0.347 0.0
-0.3465 0.0
-0.346 0.0
-0.3455 0.0
-0.345 0.0
-0.3445 0.0
-0.344 0.0
-0.3435 0.0
-0.343 0.0
-0.3425 0.0
-0.342 0.0
-0.3415 0.0
-0.341 0.0
-0.3405 0.0
-0.34 0.0
-0.3395 0.0
-0.339 0.0
-0.3385 0.0
-0.338 0.0
-0.3375 0.0
-0.337 0.0
-0.3365 0.0
-0.336 0.0
-0.3355 0.0
-0.335 0.0
-0.3345 0.0
-0.334 0.0
-0.3335 0.0
-0.333 0.0
-0.3325 0.0
-0.332 0.0
-0.3315 0.0
-0.331 0.0
-0.3305 0.0
-0.33 0.0
-0.3295 0.0
-0.329 0.0
-0.3285 0.0
-0.328 0.0
-0.3275 0.0
-0.327 0.0
-0.3265 0.0
-0.326 0.0
-0.3255 0.0
-0.325 0.0
-0.3245 0.0
-0.324 0.0
-0.3235 0.0
-0.323 0.0
-0.3225 0.0
-0.322 0.0
-0.3215 0.0
-0.321 0.0
-0.3205 0.0
-0.32 0.0
-0.3195 0.0
-0.319 0.0
-0.3185 0.0
-0.318 0.0
-0.3175 0.0
-0.317 0.0
-0.3165 0.0
-0.316 0.0
-0.3155 0.0
-0.315 0.0
-0.3145 0.0
-0.314 0.0
-0.3135 0.0
-0.313 0.0
-0.3125 0.0
-0.312 0.0
-0.3115 0.0
-0.311 0.0
-0.3105 0.0
-0.31 0.0
-0.3095 0.0
-0.309 0.0
-0.3085 0.0
-0.308 0.0
-0.3075 0.0
-0.307 0.0
-0.3065 0.0
-0.306 0.0
-0.3055 0.0
-0.305 0.0
-0.3045 0.0
-0.304 0.0
-0.3035 0.0
-0.303 0.0
-0.3025 0.0
-0.302 0.0
-0.3015 0.0
-0.301 0.0
-0.3005 0.0
-0.3 0.0
-0.2995 0.0
-0.299 0.0
-0.2985 0.0
-0.298 0.0
-0.2975 0.0
-0.297 0.0
-0.2965 0.0
-0.296 0.0
-0.2955 0.0
-0.295 0.0
-0.2945 0.0
-0.294 0.0
-0.2935 0.0
-0.293 0.0
-0.2925 0.0
-0.292 0.0
-0.2915 0.0
-0.291 0.0
-0.2905 0.0
-0.29 0.0
-0.2895 0.0
-0.289 0.0
-0.2885 0.0
-0.288 0.0
-0.2875 0.0
-0.287 0.0
-0.2865 0.0
-0.286 0.0
-0.2855 0.0
-0.285 0.0
-0.2845 0.0
-0.284 0.0
-0.2835 0.0
-0.283 0.0
-0.2825 0.0
-0.282 0.0
-0.2815 0.0
-0.281 0.0
-0.2805 0.0
-0.28 0.0
-0.2795 0.0
-0.279 0.0
-0.2785 0.0
-0.278 0.0
-0.2775 0.0
-0.277 0.0
-0.2765 0.0
-0.276 0.0
-0.2755 0.0
-0.275 0.0
-0.2745 0.0
-0.274 0.0
-0.2735 0.0
-0.273 0.0
-0.2725 0.0
-0.272 0.0
-0.2715 0.0
-0.271 0.0
-0.2705 0.0
-0.27 0.0
-0.2695 0.0
-0.269 0.0
-0.2685 0.0
-0.268 0.0
-0.2675 0.0
-0.267 0.0
-0.2665 0.0
-0.266 0.0
-0.2655 0.0
-0.265 0.0
-0.2645 0.0
-0.264 0.0
-0.2635 0.0
-0.263 0.0
-0.2625 0.0
-0.262 0.0
-0.2615 0.0
-0.261 0.0
-0.2605 0.0
-0.26 0.0
-0.2595 0.0
-0.259 0.0
-0.2585 0.0
-0.258 0.0
-0.2575 0.0
-0.257 0.0
-0.2565 0.0
-0.256 0.0
-0.2555 0.0
-0.255 0.0
-0.2545 0.0
-0.254 0.0
-0.2535 0.0
-0.253 0.0
-0.2525 0.0
-0.252 0.0
-0.2515 0.0
-0.251 0.0
-0.2505 0.0
-0.25 0.0
-0.2495 0.0
-0.249 0.0
-0.2485 0.0
-0.248 0.0
-0.2475 0.0
-0.247 0.0
-0.2465 0.0
-0.246 0.0
-0.2455 0.0
-0.245 0.0
-0.2445 0.0
-0.244 0.0
-0.2435 0.0
-0.243 0.0
-0.2425 0.0
-0.242 0.0
-0.2415 0.0
-0.241 0.0
-0.2405 0.0
-0.24 0.0
-0.2395 0.0
-0.239 0.0
-0.2385 0.0
-0.238 0.0
-0.2375 0.0
-0.237 0.0
-0.2365 0.0
-0.236 0.0
-0.2355 0.0
-0.235 0.0
-0.2345 0.0
-0.234 0.0
-0.2335 0.0
-0.233 0.0
-0.2325 0.0
-0.232 0.0
-0.2315 0.0
-0.231 0.0
-0.2305 0.0
-0.23 0.0
-0.2295 0.0
-0.229 0.0
-0.2285 0.0
-0.228 0.0
-0.2275 0.0
-0.227 0.0
-0.2265 0.0
-0.226 0.0
-0.2255 0.0
-0.225 0.0
-0.2245 0.0
-0.224 0.0
-0.2235 0.0
-0.223 0.0
-0.2225 0.0
-0.222 0.0
-0.2215 0.0
-0.221 0.0
-0.2205 0.0
-0.22 0.0
-0.2195 0.0
-0.219 0.0
-0.2185 0.0
-0.218 0.0
-0.2175 0.0
-0.217 0.0
-0.2165 0.0
-0.216 0.0
-0.2155 0.0
-0.215 0.0
-0.2145 0.0
-0.214 0.0
-0.2135 0.0
-0.213 0.0
-0.2125 0.0
-0.212 0.0
-0.2115 0.0
-0.211 0.0
-0.2105 0.0
-0.21 0.0
-0.2095 0.0
-0.209 0.0
-0.2085 0.0
-0.208 0.0
-0.2075 0.0
-0.207 0.0
-0.2065 0.0
-0.206 0.0
-0.2055 0.0
-0.205 0.0
-0.2045 0.0
-0.204 0.0
-0.2035 0.0
-0.203 0.0
-0.2025 0.0
-0.202 0.0
-0.2015 0.0
-0.201 0.0
-0.2005 0.0
-0.2 0.0
-0.1995 0.0
-0.199 0.0
-0.1985 0.0
-0.198 0.0
-0.1975 0.0
-0.197 0.0
-0.1965 0.0
-0.196 0.0
-0.1955 0.0
-0.195 0.0
-0.1945 0.0
-0.194 0.0
-0.1935 0.0
-0.193 0.0
-0.1925 0.0
-0.192 0.0
-0.1915 0.0
-0.191 0.0
-0.1905 0.0
-0.19 0.0
-0.1895 0.0
-0.189 0.0
-0.1885 0.0
-0.188 0.0
-0.1875 0.0
-0.187 0.0
-0.1865 0.0
-0.186 0.0
-0.1855 0.0
-0.185 0.0
-0.1845 0.0
-0.184 0.0
-0.1835 0.0
-0.183 0.0
-0.1825 0.0
-0.182 0.0
-0.1815 0.0
-0.181 0.0
-0.1805 0.0
-0.18 0.0
-0.1795 0.0
-0.179 0.0
-0.1785 0.0
-0.178 0.0
-0.1775 0.0
-0.177 0.0
-0.1765 0.0
-0.176 0.0
-0.1755 0.0
-0.175 0.0
-0.1745 0.0
-0.174 0.0
-0.1735 0.0
-0.173 0.0
-0.1725 0.0
-0.172 0.0
-0.1715 0.0
-0.171 0.0
-0.1705 0.0
-0.17 0.0
-0.1695 0.0
-0.169 0.0
-0.1685 0.0
-0.168 0.0
-0.1675 0.0
-0.167 0.0
-0.1665 0.0
-0.166 0.0
-0.1655 0.0
-0.165 0.0
-0.1645 0.0
-0.164 0.0
-0.1635 0.0
-0.163 0.0
-0.1625 0.0
-0.162 0.0
-0.1615 0.0
-0.161 0.0
-0.1605 0.0
-0.16 0.0
-0.1595 0.0
-0.159 0.0
-0.1585 0.0
-0.158 0.0
-0.1575 0.0
-0.157 0.0
-0.1565 0.0
-0.156 0.0
-0.1555 0.0
-0.155 0.0
-0.1545 0.0
-0.154 0.0
-0.1535 0.0
-0.153 0.0
-0.1525 0.0
-0.152 0.0
-0.1515 0.0
-0.151 0.0
-0.1505 0.0
-0.15 0.0
-0.1495 0.0
-0.149 0.0
-0.1485 0.0
-0.148 0.0
-0.1475 0.0
-0.147 0.0
-0.1465 0.0
-0.146 0.0
-0.1455 0.0
-0.145 0.0
-0.1445 0.0
-0.144 0.0
-0.1435 0.0
-0.143 0.0
-0.1425 0.0
-0.142 0.0
-0.1415 0.0
-0.141 0.0
-0.1405 0.0
-0.14 0.0
-0.1395 0.0
-0.139 0.0
-0.1385 0.0
-0.138 0.0
-0.1375 0.0
-0.137 0.0
-0.1365 0.0
-0.136 0.0
-0.1355 0.0
-0.135 0.0
-0.1345 0.0
-0.134 0.0
-0.1335 0.0
-0.133 0.0
-0.1325 0.0
-0.132 0.0
-0.1315 0.0
-0.131 0.0
-0.1305 0.0
-0.13 0.0
-0.1295 0.0
-0.129 0.0
-0.1285 0.0
-0.128 0.0
-0.1275 0.0
-0.127 0.0
-0.1265 0.0
-0.126 0.0
-0.1255 0.0
-0.125 0.0
-0.1245 0.0
-0.124 0.0
-0.1235 0.0
-0.123 0.0
-0.1225 0.0
-0.122 0.0
-0.1215 0.0
-0.121 0.0
-0.1205 0.0
-0.12 0.0
-0.1195 0.0
-0.119 0.0
-0.1185 0.0
-0.118 0.0
-0.1175 0.0
-0.117 0.0
-0.1165 0.0
-0.116 0.0
-0.1155 0.0
-0.115 0.0
-0.1145 0.0
-0.114 0.0
-0.1135 0.0
-0.113 0.0
-0.1125 0.0
-0.112 0.0
-0.1115 0.0
-0.111 0.0
-0.1105 0.0
-0.11 0.0
-0.1095 0.0
-0.109 0.0
-0.1085 0.0
-0.108 0.0
-0.1075 0.0
-0.107 0.0
-0.1065 0.0
-0.106 0.0
-0.1055 0.0
-0.105 0.0
-0.1045 0.0
-0.104 0.0
-0.1035 0.0
-0.103 0.0
-0.1025 0.0
-0.102 0.0
-0.1015 0.0
-0.101 0.0
-0.1005 0.0
-0.1 0.0
-0.0995000000002 0.0
-0.0990000000002 0.0
-0.0985000000002 0.0
-0.0980000000002 0.0
-0.0975000000002 0.0
-0.0970000000002 0.0
-0.0965000000002 0.0
-0.0960000000002 0.0
-0.0955000000002 0.0
-0.0950000000002 0.0
-0.0945000000002 0.0
-0.0940000000002 0.0
-0.0935000000002 0.0
-0.0930000000002 0.0
-0.0925000000002 0.0
-0.0920000000002 0.0
-0.0915000000002 0.0
-0.0910000000002 0.0
-0.0905000000002 0.0
-0.0900000000002 0.0
-0.0895000000002 0.0
-0.0890000000002 0.0
-0.0885000000002 0.0
-0.0880000000002 0.0
-0.0875000000002 0.0
-0.0870000000002 0.0
-0.0865000000002 0.0
-0.0860000000002 0.0
-0.0855000000002 0.0
-0.0850000000002 0.0
-0.0845000000002 0.0
-0.0840000000002 0.0
-0.0835000000002 0.0
-0.0830000000002 0.0
-0.0825000000002 0.0
-0.0820000000002 0.0
-0.0815000000002 0.0
-0.0810000000002 0.0
-0.0805000000002 0.0
-0.0800000000002 0.0
-0.0795000000002 0.0
-0.0790000000002 0.0
-0.0785000000002 0.0
-0.0780000000002 0.0
-0.0775000000002 0.0
-0.0770000000002 0.0
-0.0765000000002 0.0
-0.0760000000002 0.0
-0.0755000000002 0.0
-0.0750000000002 0.0
-0.0745000000002 0.0
-0.0740000000002 0.0
-0.0735000000002 0.0
-0.0730000000002 0.0
-0.0725000000002 0.0
-0.0720000000002 0.0
-0.0715000000002 0.0
-0.0710000000002 0.0
-0.0705000000002 0.0
-0.0700000000002 0.0
-0.0695000000002 0.0
-0.0690000000002 0.0
-0.0685000000002 0.0
-0.0680000000002 0.0
-0.0675000000002 0.0
-0.0670000000002 0.0
-0.0665000000002 0.0
-0.0660000000002 0.0
-0.0655000000002 0.0
-0.0650000000002 0.0
-0.0645000000002 0.0
-0.0640000000002 0.0
-0.0635000000002 0.0
-0.0630000000002 0.0
-0.0625000000002 0.0
-0.0620000000002 0.0
-0.0615000000002 0.0
-0.0610000000002 0.0
-0.0605000000002 0.0
-0.0600000000002 0.0
-0.0595000000002 0.0
-0.0590000000002 0.0
-0.0585000000002 0.0
-0.0580000000002 0.0
-0.0575000000002 0.0
-0.0570000000002 0.0
-0.0565000000002 0.0
-0.0560000000002 0.0
-0.0555000000002 0.0
-0.0550000000002 0.0
-0.0545000000002 0.0
-0.0540000000002 0.0
-0.0535000000002 0.0
-0.0530000000002 0.0
-0.0525000000002 0.0
-0.0520000000002 0.0
-0.0515000000002 0.0
-0.0510000000002 0.0
-0.0505000000002 0.0
-0.0500000000002 0.0
-0.0495000000002 0.0
-0.0490000000002 0.0
-0.0485000000002 0.0
-0.0480000000002 0.0
-0.0475000000002 0.0
-0.0470000000002 0.0
-0.0465000000002 0.0
-0.0460000000002 0.0
-0.0455000000002 0.0
-0.0450000000002 0.0
-0.0445000000002 0.0
-0.0440000000002 0.0
-0.0435000000002 0.0
-0.0430000000002 0.0
-0.0425000000002 0.0
-0.0420000000002 0.0
-0.0415000000002 0.0
-0.0410000000002 0.0
-0.0405000000002 0.0
-0.0400000000002 0.0
-0.0395000000002 0.0
-0.0390000000002 0.0
-0.0385000000002 0.0
-0.0380000000002 0.0
-0.0375000000002 0.0
-0.0370000000002 0.0
-0.0365000000002 0.0
-0.0360000000002 0.0
-0.0355000000002 0.0
-0.0350000000002 0.0
-0.0345000000002 0.0
-0.0340000000002 0.0
-0.0335000000002 0.0
-0.0330000000002 0.0
-0.0325000000002 0.0
-0.0320000000002 0.0
-0.0315000000002 0.0
-0.0310000000002 0.0
-0.0305000000002 0.0
-0.0300000000002 0.0
-0.0295000000002 0.0
-0.0290000000002 0.0
-0.0285000000002 0.0
-0.0280000000002 0.0
-0.0275000000002 0.0
-0.0270000000002 0.0
-0.0265000000002 0.0
-0.0260000000002 0.0
-0.0255000000002 0.0
-0.0250000000002 0.0
-0.0245000000002 0.0
-0.0240000000002 0.0
-0.0235000000002 0.0
-0.0230000000002 0.0
-0.0225000000002 0.0
-0.0220000000002 0.0
-0.0215000000002 0.0
-0.0210000000002 0.0
-0.0205000000002 0.0
-0.0200000000002 0.0
-0.0195000000002 0.0
-0.0190000000002 0.0
-0.0185000000002 0.0
-0.0180000000002 0.0
-0.0175000000002 0.0
-0.0170000000002 0.0
-0.0165000000002 0.0
-0.0160000000002 0.0
-0.0155000000002 0.0
-0.0150000000002 0.0
-0.0145000000002 0.0
-0.0140000000002 0.0
-0.0135000000002 0.0
-0.0130000000002 0.0
-0.0125000000002 0.0
-0.0120000000002 0.0
-0.0115000000002 0.0
-0.0110000000002 0.0
-0.0105000000002 0.0
-0.0100000000002 0.0
-0.00950000000018 0.0
-0.00900000000018 0.0
-0.00850000000018 0.0
-0.00800000000018 0.0
-0.00750000000018 0.0
-0.00700000000018 0.0
-0.00650000000018 0.0
-0.00600000000018 0.0
-0.00550000000018 0.0
-0.00500000000018 0.0
-0.00450000000018 0.0
-0.00400000000018 0.0
-0.00350000000018 0.0
-0.00300000000018 0.0
-0.00250000000018 0.0
-0.00200000000018 0.0
-0.00150000000018 0.0
-0.00100000000018 0.0
-0.000500000000176 431.698853855
-1.76352259618e-13 705.389633079
0.000499999999824 173.013749237
0.000999999999824 -148.7724295
0.00149999999982 -44.4377848276
0.00199999999982 10.9856885487
0.00249999999982 15.8440412786
0.00299999999982 16.2753699836
0.00349999999982 16.2825292522
0.00399999999982 16.905209419
0.00449999999982 16.7249644654
0.00499999999982 16.7616878975
0.00549999999982 17.3479552605
0.00599999999982 17.1760898511
0.00649999999982 16.6905420795
0.00699999999982 17.3821673701
0.00749999999982 17.3333636642
0.00799999999982 16.7593493589
0.00849999999982 17.4472974957
0.00899999999982 17.7369788818
0.00949999999982 -389.481915594
0.00999999999982 -630.072633752
0.0104999999998 -283.858589049
0.0109999999998 -55.2800575436
0.0114999999998 -3.33658403281
0.0119999999998 0.04016693414
0.0124999999998 0.034647882902
0.0129999999998 0.0306360542485
0.0134999999998 0.0272562803059
0.0139999999998 0.0245397161107
0.0144999999998 0.023922021016
0.0149999999998 0.0247688384953
0.0154999999998 160.062822029
0.0159999999998 193.170360169
0.0164999999998 41.6003743231
0.0169999999998 10.2785218555
0.0174999999998 2.96119344552
0.0179999999998 2.04718770464
0.0184999999998 1.44500165237
0.0189999999998 1.03386133282
0.0194999999998 0.730399077539
0.0199999999998 0.393463871352
0.0204999999998 0.0936551494173
0.0209999999998 -0.397187498905
0.0214999999998 -0.811750278685
0.0219999999998 -0.944799271589
0.0224999999998 -1.18165789967
0.0229999999998 -1.40055501685
0.0234999999998 -1.48368075272
0.0239999999998 -2.00151241994
0.0244999999998 -2.25393073554
0.0249999999998 -2.20122939582
0.0254999999998 -2.48074643754
0.0259999999998 -2.63545010527
0.0264999999998 -2.79986618673
0.0269999999998 -2.85230543256
0.0274999999998 -3.11095932859
0.0279999999998 -3.35044451628
0.0284999999998 -3.34755799256
0.0289999999998 -3.67043266021
0.0294999999998 -3.74038497097
0.0299999999998 -3.73079766917
0.0304999999998 -3.8311246969
0.0309999999998 -4.18884439367
0.0314999999998 -4.28942760503
0.0319999999998 -4.11467006609
0.0324999999998 -4.37227847715
0.0329999999998 -4.53054254924
0.0334999999998 -4.53562400554
0.0339999999998 -4.60262278522
0.0344999999998 -4.71099700193
0.0349999999998 -4.5518775408
0.0354999999998 -4.60740772907
0.0359999999998 -4.9182996754
0.0364999999998 -4.9281114545
0.0369999999998 -5.10045987174
0.0374999999998 -5.35289967604
0.0379999999998 -5.51118970755
0.0384999999998 -5.69223692749
0.0389999999998 -6.12144820601
0.0394999999998 -18.6581652968
0.0399999999998 -23.5549984666
0.0404999999998 -14.4442891221
0.0409999999998 -12.4358722118
0.0414999999998 -10.3669524724
0.0419999999998 -7.96256005715
0.0424999999998 -7.24382107936
0.0429999999998 -5.58914511988
0.0434999999998 -5.14254187593
0.0439999999998 -6.17180400624
0.0444999999998 -5.02885616331
0.0449999999998 -4.57854137725
0.0454999999998 -4.46890914827
0.0459999999998 -4.20116836074
0.0464999999998 -4.0332144138
0.0469999999998 -3.06527081021
0.0474999999998 -2.83068486127
0.0479999999998 -2.82058386487
0.0484999999998 -2.78798080427
0.0489999999998 -3.23781056734
0.0494999999998 -2.75658601512
0.0499999999998 -1.92664468793
0.0504999999998 -2.23173420429
0.0509999999998 -2.35669921948
0.0514999999998 -2.23900165045
0.0519999999998 -2.24809312248
0.0524999999998 -1.80958943546
0.0529999999998 -1.50710300076
0.0534999999998 -1.50710555018
0.0539999999998 -1.48004977228
0.0544999999998 -1.50347080667
0.0549999999998 -1.39539470805
0.0554999999998 -1.33288912484
0.0559999999998 -1.14730484017
0.0564999999998 -1.03397907992
0.0569999999998 -0.961347594657
0.0574999999998 -0.737028577999
0.0579999999998 -0.369972848301
0.0584999999998 -0.26227021966
0.0589999999998 0.379985449922
0.0594999999998 0.580124022868
0.0599999999998 -0.442399417376
0.0604999999998 -1.0243360848
0.0609999999998 -1.04788309345
0.0614999999998 -0.962176121429
0.0619999999998 -0.954988395232
0.0624999999998 -1.03852872989
0.0629999999998 -1.04267788475
0.0634999999998 -1.02659016069
0.0639999999998 -1.08054038917
0.0644999999998 -1.02998037949
0.0649999999998 -1.10594817062
0.0654999999998 -1.18361759065
0.0659999999998 -1.06268114947
0.0664999999998 -1.09018880487
0.0669999999998 -1.08362328178
0.0674999999998 -0.998872068725
0.0679999999998 -1.06370031325
0.0684999999998 -1.03414677414
0.0689999999998 -0.954443225001
0.0694999999998 -0.977765851631
0.0699999999998 -0.96054377268
0.0704999999998 -0.970613240175
0.0709999999998 -0.973792816489
0.0714999999998 -0.930783336491
0.0719999999998 -0.978218864762
0.0724999999998 -0.957903612368
0.0729999999998 -0.917763865938
0.0734999999998 -0.904715495062
0.0739999999998 -0.898048313307
0.0744999999998 -0.858349670214
0.0749999999998 -0.839229220299
0.0754999999998 -0.869468515695
0.0759999999998 -0.863036704271
0.0764999999998 -0.817337839911
0.0769999999998 -0.751193421136
0.0774999999998 -0.775469644329
0.0779999999998 -0.864400005369
0.0784999999998 -0.880129242285
0.0789999999998 -0.750496256847
0.0794999999998 -0.761825402309
0.0799999999998 -0.7610247063
0.0804999999998 -0.706519372505
0.0809999999998 -0.819785312225
0.0814999999998 -0.856047661974
0.0819999999998 -0.730399281347
0.0824999999998 -0.657236861582
0.0829999999998 -0.663729040294
0.0834999999998 -0.683540085855
0.0839999999998 -0.665957772761
0.0844999999998 -0.667336692656
0.0849999999998 -0.675268124468
0.0854999999998 -0.701831154428
0.0859999999998 -0.679979837279
0.0864999999998 -0.593396316747
0.0869999999998 -0.645943331355
0.0874999999998 -0.67818423103
0.0879999999998 -0.599444819157
0.0884999999998 -0.563033696229
0.0889999999998 -0.582027382328
0.0894999999998 -0.6252001696
0.0899999999998 -0.610337861693
0.0904999999998 -0.599316871095
0.0909999999998 -0.619816676434
0.0914999999998 -0.609315562805
0.0919999999998 -0.5676164668
0.0924999999998 -0.5349358374
0.0929999999998 -0.583082221654
0.0934999999998 -0.575141682786
0.0939999999998 -0.520703005706
0.0944999999998 -0.5168901205
0.0949999999998 -0.506443812982
0.0954999999998 -0.551136190651
0.0959999999998 -0.517485111587
0.0964999999998 -0.460375983665
0.0969999999998 -0.47188280233
0.0974999999998 -0.515823199691
0.0979999999998 -0.545283682873
0.0984999999998 -0.493784022961
0.0989999999998 -0.438483353173
0.0994999999998 -7.68559995655
0.0999999999998 -19.9933988156
0.1005 -16.2782867785
0.101 -4.00181012239
0.1015 -0.232375895623
0.102 0.0
0.1025 0.0
0.103 0.0
0.1035 0.0
0.104 0.0
0.1045 0.0
0.105 0.0
0.1055 0.0
0.106 0.0
0.1065 0.0
0.107 0.0
0.1075 0.0
0.108 0.0
0.1085 0.0
0.109 0.0
0.1095 0.0
0.11 0.0
0.1105 0.0
0.111 0.0
0.1115 0.0
0.112 0.0
0.1125 0.0
0.113 0.0
0.1135 0.0
0.114 0.0
0.1145 0.0
0.115 0.0
0.1155 0.0
0.116 0.0
0.1165 0.0
0.117 0.0
0.1175 0.0
0.118 0.0
0.1185 0.0
0.119 0.0
0.1195 0.0
0.12 0.0
0.1205 0.0
0.121 0.0
0.1215 0.0
0.122 0.0
0.1225 0.0
0.123 0.0
0.1235 0.0
0.124 0.0
0.1245 0.0
0.125 0.0
0.1255 0.0
0.126 0.0
0.1265 0.0
0.127 0.0
0.1275 0.0
0.128 0.0
0.1285 0.0
0.129 0.0
0.1295 0.0
0.13 0.0
0.1305 0.0
0.131 0.0
0.1315 0.0
0.132 0.0
0.1325 0.0
0.133 0.0
0.1335 0.0
0.134 0.0
0.1345 0.0
0.135 0.0
0.1355 0.0
0.136 0.0
0.1365 0.0
0.137 0.0
0.1375 0.0
0.138 0.0
0.1385 0.0
0.139 0.0
0.1395 0.0
0.14 0.0
0.1405 0.0
0.141 0.0
0.1415 0.0
0.142 0.0
0.1425 0.0
0.143 0.0
0.1435 0.0
0.144 0.0
0.1445 0.0
0.145 0.0
0.1455 0.0
0.146 0.0
0.1465 0.0
0.147 0.0
0.1475 0.0
0.148 0.0
0.1485 0.0
0.149 0.0
0.1495 0.0
0.15 0.0
0.1505 0.0
0.151 0.0
0.1515 0.0
0.152 0.0
0.1525 0.0
0.153 0.0
0.1535 0.0
0.154 0.0
0.1545 0.0
0.155 0.0
0.1555 0.0
0.156 0.0
0.1565 0.0
0.157 0.0
0.1575 0.0
0.158 0.0
0.1585 0.0
0.159 0.0
0.1595 0.0
0.16 0.0
0.1605 0.0
0.161 0.0
0.1615 0.0
0.162 0.0
0.1625 0.0
0.163 0.0
0.1635 0.0
0.164 0.0
0.1645 0.0
0.165 0.0
0.1655 0.0
0.166 0.0
0.1665 0.0
0.167 0.0
0.1675 0.0
0.168 0.0
0.1685 0.0
0.169 0.0
0.1695 0.0
0.17 0.0
0.1705 0.0
0.171 0.0
0.1715 0.0
0.172 0.0
0.1725 0.0
0.173 0.0
0.1735 0.0
0.174 0.0
0.1745 0.0
0.175 0.0
0.1755 0.0
0.176 0.0
0.1765 0.0
0.177 0.0
0.1775 0.0
0.178 0.0
0.1785 0.0
0.179 0.0
0.1795 0.0
0.18 0.0
0.1805 0.0
0.181 0.0
0.1815 0.0
0.182 0.0
0.1825 0.0
0.183 0.0
0.1835 0.0
0.184 0.0
0.1845 0.0
0.185 0.0
0.1855 0.0
0.186 0.0
0.1865 0.0
0.187 0.0
0.1875 0.0
0.188 0.0
0.1885 0.0
0.189 0.0
0.1895 0.0
0.19 0.0
0.1905 0.0
0.191 0.0
0.1915 0.0
0.192 0.0
0.1925 0.0
0.193 0.0
0.1935 0.0
0.194 0.0
0.1945 0.0
0.195 0.0
0.1955 0.0
0.196 0.0
0.1965 0.0
0.197 0.0
0.1975 0.0
0.198 0.0
0.1985 0.0
