# (c0 tau) (p(tau))
-0.2 0.0
-0.1995 0.0
-0.199 0.0
-0.1985 0.0
-0.198 0.0
-0.1975 0.0
-0.197 0.0
-0.1965 0.0
-0.196 0.0
-0.1955 0.0
-0.195 0.0
-0.1945 0.0
-0.194 0.0
-0.1935 0.0
-0.193 0.0
-0.1925 0.0
-0.192 0.0
-0.1915 0.0
-0.191 0.0
-0.1905 0.0
-0.19 0.0
-0.1895 0.0
-0.189 0.0
-0.1885 0.0
-0.188 0.0
-0.1875 0.0
-0.187 0.0
-0.1865 0.0
-0.186 0.0
-0.1855 0.0
-0.185 0.0
-0.1845 0.0
-0.184 0.0
-0.1835 0.0
-0.183 0.0
-0.1825 0.0
-0.182 0.0
-0.1815 0.0
-0.181 0.0
-0.1805 0.0
-0.18 0.0
-0.1795 0.0
-0.179 0.0
-0.1785 0.0
-0.178 0.0
-0.1775 0.0
-0.177 0.0
-0.1765 0.0
-0.176 0.0
-0.1755 0.0
-0.175 0.0
-0.1745 0.0
-0.174 0.0
-0.1735 0.0
-0.173 0.0
-0.1725 0.0
-0.172 0.0
-0.1715 0.0
-0.171 0.0
-0.1705 0.0
-0.17 0.0
-0.1695 0.0
-0.169 0.0
-0.1685 0.0
-0.168 0.0
-0.1675 0.0
-0.167 0.0
-0.1665 0.0
-0.166 0.0
-0.1655 0.0
-0.165 0.0
-0.1645 0.0
-0.164 0.0
-0.1635 0.0
-0.163 0.0
-0.1625 0.0
-0.162 0.0
-0.1615 0.0
-0.161 0.0
-0.1605 0.0
-0.16 0.0
-0.1595 0.0
-0.159 0.0
-0.1585 0.0
-0.158 0.0
-0.1575 0.0
-0.157 0.0
-0.1565 0.0
-0.156 0.0
-0.1555 0.0
-0.155 0.0
-0.1545 0.0
-0.154 0.0
-0.1535 0.0
-0.153 0.0
-0.1525 0.0
-0.152 0.0
-0.1515 0.0
-0.151 0.0
-0.1505 0.0
-0.15 0.0
-0.1495 0.0
-0.149 0.0
-0.1485 0.0
-0.148 0.0
-0.1475 0.0
-0.147 0.0
-0.1465 0.0
-0.146 0.0
-0.1455 0.0
-0.145 0.0
-0.1445 0.0
-0.144 0.0
-0.1435 0.0
-0.143 0.0
-0.1425 0.0
-0.142 0.0
-0.1415 0.0
-0.141 0.0
-0.1405 0.0
-0.14 0.0
-0.1395 0.0
-0.139 0.0
-0.1385 0.0
-0.138 0.0
-0.1375 0.0
-0.137 0.0
-0.1365 0.0
-0.136 0.0
-0.1355 0.0
-0.135 0.0
-0.1345 0.0
-0.134 0.0
-0.1335 0.0
-0.133 0.0
-0.1325 0.0
-0.132 0.0
-0.1315 0.0
-0.131 0.0
-0.1305 0.0
-0.13 0.0
-0.1295 0.0
-0.129 0.0
-0.1285 0.0
-0.128 0.0
-0.1275 0.0
-0.127 0.0
-0.1265 0.0
-0.126 0.0
-0.1255 0.0
-0.125 0.0
-0.1245 0.0
-0.124 0.0
-0.1235 0.0
-0.123 0.0
-0.1225 0.0
-0.122 0.0
-0.1215 0.0
-0.121 0.0
-0.1205 0.0
-0.12 0.0
-0.1195 0.0
-0.119 0.0
-0.1185 0.0
-0.118 0.0
-0.1175 0.0
-0.117 0.0
-0.1165 0.0
-0.116 0.0
-0.1155 0.0
-0.115 0.0
-0.1145 0.0
-0.114 0.0
-0.1135 0.0
-0.113 0.0
-0.1125 0.0
-0.112 0.0
-0.1115 0.0
-0.111 0.0
-0.1105 0.0
-0.11 0.0
-0.1095 0.0
-0.109 0.0
-0.1085 0.0
-0.108 0.0
-0.1075 0.0
-0.107 0.0
-0.1065 0.0
-0.106 0.0
-0.1055 0.0
-0.105 0.0
-0.1045 0.0
-0.104 0.0
-0.1035 0.0
-0.103 0.0
-0.1025 0.0
-0.102 0.0
-0.1015 0.0
-0.101 0.0
-0.1005 0.0
-0.1 0.0
-0.0995 0.0
-0.099 0.0
-0.0985 0.0
-0.098 0.0
-0.0975 0.0
-0.097 0.0
-0.0965 0.0
-0.096 0.0
-0.0955 0.0
-0.095 0.0
-0.0945 0.0
-0.094 0.0
-0.0935 0.0
-0.093 0.0
-0.0925 0.0
-0.092 0.0
-0.0915 0.0
-0.091 0.0
-0.0905 0.0
-0.09 0.0
-0.0895 0.0
-0.089 0.0
-0.0885 0.0
-0.088 0.0
-0.0875 0.0
-0.087 0.0
-0.0865 0.0
-0.086 0.0
-0.0855 0.0
-0.085 0.0
-0.0845 0.0
-0.084 0.0
-0.0835 0.0
-0.083 0.0
-0.0825 0.0
-0.082 0.0
-0.0815 0.0
-0.081 0.0
-0.0805 0.0
-0.08 0.0
-0.0795 0.0
-0.079 0.0
-0.0785 0.0
-0.078 0.0
-0.0775 0.0
-0.077 0.0
-0.0765 0.0
-0.076 0.0
-0.0755 0.0
-0.075 0.0
-0.0745 0.0
-0.074 0.0
-0.0735 0.0
-0.073 0.0
-0.0725 0.0
-0.072 0.0
-0.0715 0.0
-0.071 0.0
-0.0705 0.0
-0.07 0.0
-0.0695 0.0
-0.069 0.0
-0.0685 0.0
-0.068 0.0
-0.0675 0.0
-0.067 0.0
-0.0665 0.0
-0.066 0.0
-0.0655 0.0
-0.065 0.0
-0.0645 0.0
-0.064 0.0
-0.0635 0.0
-0.063 0.0
-0.0625 0.0
-0.062 0.0
-0.0615 0.0
-0.061 0.0
-0.0605 0.0
-0.06 0.0
-0.0595 0.0
-0.059 0.0
-0.0585 0.0
-0.058 0.0
-0.0575 0.0
-0.057 0.0
-0.0565 0.0
-0.056 0.0
-0.0555 0.0
-0.055 0.0
-0.0545 0.0
-0.054 0.0
-0.0535 0.0
-0.053 0.0
-0.0525 0.0
-0.052 0.0
-0.0515 0.0
-0.051 0.0
-0.0505 0.0
-0.05 0.0
-0.0495 0.0
-0.049 0.0
-0.0485 0.0
-0.048 0.0
-0.0475 0.0
-0.047 0.0
-0.0465 0.0
-0.046 0.0
-0.0455 0.0
-0.045 0.0
-0.0445 0.0
-0.044 0.0
-0.0435 0.0
-0.043 0.0
-0.0425 0.0
-0.042 0.0
-0.0415 0.0
-0.041 0.0
-0.0405 0.0
-0.04 0.0
-0.0395 0.0
-0.039 0.0
-0.0385 0.0
-0.038 0.0
-0.0375 0.0
-0.037 0.0
-0.0365 0.0
-0.036 0.0
-0.0355 0.0
-0.035 0.0
-0.0345 0.0
-0.034 0.0
-0.0335 0.0
-0.033 0.0
-0.0325 0.0
-0.032 0.0
-0.0315 0.0
-0.031 0.0
-0.0305 0.0
-0.03 0.0
-0.0295 0.0
-0.029 0.0
-0.0285 0.0
-0.028 0.0
-0.0275 0.0
-0.027 0.0
-0.0265 0.0
-0.026 0.0
-0.0255 0.0
-0.025 0.0
-0.0245 0.0
-0.024 0.0
-0.0235 0.0
-0.023 0.0
-0.0225 0.0
-0.022 0.0
-0.0215 0.0
-0.021 0.0
-0.0205 0.0
-0.02 0.0
-0.0195 0.0
-0.019 0.0
-0.0185 0.0
-0.018 0.0
-0.0175 0.0
-0.017 0.0
-0.0165 0.0
-0.016 0.0
-0.0155 0.0
-0.015 0.0
-0.0145 0.0
-0.014 0.0
-0.0135 0.0
-0.013 0.0
-0.0125 0.0
-0.012 0.0
-0.0115 0.0
-0.011 0.0
-0.0105 0.0
-0.01 0.0
-0.0095 0.0
-0.009 0.0
-0.0085 0.0
-0.008 0.0
-0.0075 0.0
-0.007 0.0
-0.0065 0.0
-0.006 0.0
-0.0055 0.0
-0.005 0.0
-0.0045 0.0
-0.004 0.0
-0.0035 0.0
-0.003 0.0
-0.0025 0.0
-0.002 0.0
-0.0015 0.0
-0.001 0.0
-0.0005 528.21609734
1.5881867761e-16 1228.24093018
0.0005 1092.73705168
0.001 765.407525966
0.0015 724.170947789
0.002 677.672934775
0.0025 622.531976863
0.003 595.752411473
0.0035 576.482867932
0.004 546.743608286
0.0045 529.169412302
0.005 483.053107313
0.0055 419.354477936
0.006 363.187398834
0.0065 337.951176701
0.007 289.76991397
0.0075 247.486420749
0.008 228.644722306
0.0085 205.477663838
0.009 208.783353325
0.0095 -395.731565065
0.01 -1486.43656879
0.0105 -1736.34760704
0.011 -1297.24422446
0.0115 -990.320291036
0.012 -800.626695321
0.0125 -656.34219709
0.013 -569.947122874
0.0135 -494.491416436
0.014 -439.059043145
0.0145 -387.552935949
0.015 -319.611322764
0.0155 27.774948431
0.016 578.526439463
0.0165 601.916283341
0.017 249.272972048
0.0175 72.7251816368
0.018 37.8988691146
0.0185 31.5181045431
0.019 34.928016875
0.0195 33.4939512361
0.02 30.5382501511
0.0205 28.9365917063
0.021 24.2568566325
0.0215 25.0730414441
0.022 17.4083262981
0.0225 7.25837128471
0.023 -0.770707763226
0.0235 -3.46014140239
0.024 -5.59482693714
0.0245 -8.75539173979
0.025 -10.4849754091
0.0255 -15.701827155
0.026 -21.5058986471
0.0265 -21.2621068089
0.027 -22.3462933499
0.0275 -25.5428793245
0.028 -22.348433918
0.0285 -22.809056711
0.029 -26.5765526301
0.0295 -28.1508734476
0.03 -29.4157180151
0.0305 -27.5507819376
0.031 -25.4788323095
0.0315 -28.2541546844
0.032 -31.3398057887
0.0325 -33.510642439
0.033 -32.0480556976
0.0335 -32.8539122387
0.034 -33.2399402289
0.0345 -33.358298775
0.035 -32.5099048114
0.0355 -33.2590144946
0.036 -36.9276447939
0.0365 -33.5419485244
0.037 -34.3325820086
0.0375 -37.3787691176
0.038 -36.7436620054
0.0385 -41.8896937527
0.039 -40.0662151183
0.0395 -76.8886367928
0.04 -118.872472248
0.0405 -105.339454303
0.041 -91.2008708371
0.0415 -83.4577356263
0.042 -69.5223078601
0.0425 -61.6080651075
0.043 -56.2749109352
0.0435 -44.6863639169
0.044 -43.2927120501
0.0445 -46.7382229672
0.045 -38.5255197501
0.0455 -31.6171686207
0.046 -31.9671420905
0.0465 -32.44074317
0.047 -29.7675197284
0.0475 -25.4755365909
0.048 -23.4753998439
0.0485 -22.5213986347
0.049 -19.2700086146
0.0495 -21.8902835093
0.05 -21.1996836287
0.0505 -17.2447263333
0.051 -17.2388382679
0.0515 -16.8164396133
0.052 -14.9658789239
0.0525 -16.1942302295
0.053 -14.3974183739
0.0535 -12.22718393
0.054 -13.6325362673
0.0545 -13.0399676929
0.055 -10.5911545996
0.0555 -10.9143818062
0.056 -10.2812348858
0.0565 -9.41911299225
0.057 -10.0731393462
0.0575 -7.20001320073
0.058 -5.76719625109
0.0585 -5.76315017104
0.059 -3.60207878825
0.0595 -1.26382024231
0.06 -2.49571696779
0.0605 -5.97546607037
0.061 -5.6270218014
0.0615 -4.58313356311
0.062 -6.23366975787
0.0625 -6.41488351859
0.063 -6.25218033145
0.0635 -7.54449044879
0.064 -7.56507711832
0.0645 -6.42239121679
0.065 -8.390639806
0.0655 -9.05936018576
0.066 -7.78354448787
0.0665 -6.95579785725
0.067 -6.88143024307
0.0675 -8.35060911688
0.068 -7.69191807343
0.0685 -7.93319735949
0.069 -7.98449887602
0.0695 -6.79228994325
0.07 -7.34548182346
0.0705 -7.20200529084
0.071 -7.62614326535
0.0715 -7.57520340663
0.072 -6.76800488746
0.0725 -6.85409803498
0.073 -6.88862993619
0.0735 -6.4943077893
0.074 -6.28984710171
0.0745 -6.47941269276
0.075 -6.44990481936
0.0755 -6.26747650948
0.076 -6.14240921599
0.0765 -6.60966929602
0.077 -6.16023818601
0.0775 -5.88018282352
0.078 -5.98191924501
0.0785 -5.75808282489
0.079 -5.94197572503
0.0795 -5.11265330273
0.08 -5.35104723677
0.0805 -5.70170026224
0.081 -5.95060782997
0.0815 -5.50632489676
0.082 -4.60774540637
0.0825 -5.09599600125
0.083 -5.25289982688
0.0835 -5.52000184514
0.084 -5.17889127414
0.0845 -4.80097241468
0.085 -5.19116250126
0.0855 -4.82141784946
0.086 -4.21645345442
0.0865 -4.24372095924
0.087 -4.74182011957
0.0875 -4.66835492497
0.088 -4.21811833847
0.0885 -4.19542451515
0.089 -4.28567611612
0.0895 -4.73067749329
0.09 -3.82839317772
0.0905 -3.88658946246
0.091 -4.53538092673
0.0915 -3.65862384332
0.092 -4.35508743441
0.0925 -4.5380548728
0.093 -3.64449018258
0.0935 -3.98228099072
0.094 -3.83403388405
0.0945 -3.58403256791
0.095 -3.62784173918
0.0955 -3.53050143767
0.096 -3.43619109812
0.0965 -3.53210585058
0.097 -3.37295882842
0.0975 -3.28116295628
0.098 -3.29071584424
0.0985 -3.62038699356
0.099 -3.88477371963
0.0995 -10.6240751504
0.1 -25.2385111713
0.1005 -32.1339407012
0.101 -29.9099315791
0.1015 -28.696519514
0.102 -27.5326559826
0.1025 -25.9949056342
0.103 -24.6259690192
0.1035 -22.0616326465
0.104 -17.9585560911
0.1045 -13.649862575
0.105 -9.59782504781
0.1055 -6.60052937385
0.106 -4.73066589643
0.1065 -3.10416325261
0.107 -1.93709620242
0.1075 -1.18033467166
0.108 -0.637019752063
0.1085 -0.253421225664
0.109 -0.0398155815362
0.1095 0.0
0.11 0.0
0.1105 0.0
0.111 0.0
0.1115 0.0
0.112 0.0
0.1125 0.0
0.113 0.0
0.1135 0.0
0.114 0.0
0.1145 0.0
0.115 0.0
0.1155 0.0
0.116 0.0
0.1165 0.0
0.117 0.0
0.1175 0.0
0.118 0.0
0.1185 0.0
0.119 0.0
0.1195 0.0
0.12 0.0
0.1205 0.0
0.121 0.0
0.1215 0.0
0.122 0.0
0.1225 0.0
0.123 0.0
0.1235 0.0
0.124 0.0
0.1245 0.0
0.125 0.0
0.1255 0.0
0.126 0.0
0.1265 0.0
0.127 0.0
0.1275 0.0
0.128 0.0
0.1285 0.0
0.129 0.0
0.1295 0.0
0.13 0.0
0.1305 0.0
0.131 0.0
0.1315 0.0
0.132 0.0
0.1325 0.0
0.133 0.0
0.1335 0.0
0.134 0.0
0.1345 0.0
0.135 0.0
0.1355 0.0
0.136 0.0
0.1365 0.0
0.137 0.0
0.1375 0.0
0.138 0.0
0.1385 0.0
0.139 0.0
0.1395 0.0
0.14 0.0
0.1405 0.0
0.141 0.0
0.1415 0.0
0.142 0.0
0.1425 0.0
0.143 0.0
0.1435 0.0
0.144 0.0
0.1445 0.0
0.145 0.0
0.1455 0.0
0.146 0.0
0.1465 0.0
0.147 0.0
0.1475 0.0
0.148 0.0
0.1485 0.0
0.149 0.0
0.1495 0.0
0.15 0.0
0.1505 0.0
0.151 0.0
0.1515 0.0
0.152 0.0
0.1525 0.0
0.153 0.0
0.1535 0.0
0.154 0.0
0.1545 0.0
0.155 0.0
0.1555 0.0
0.156 0.0
0.1565 0.0
0.157 0.0
0.1575 0.0
0.158 0.0
0.1585 0.0
0.159 0.0
0.1595 0.0
0.16 0.0
0.1605 0.0
0.161 0.0
0.1615 0.0
0.162 0.0
0.1625 0.0
0.163 0.0
0.1635 0.0
0.164 0.0
0.1645 0.0
0.165 0.0
0.1655 0.0
0.166 0.0
0.1665 0.0
0.167 0.0
0.1675 0.0
0.168 0.0
0.1685 0.0
0.169 0.0
0.1695 0.0
0.17 0.0
0.1705 0.0
0.171 0.0
0.1715 0.0
0.172 0.0
0.1725 0.0
0.173 0.0
0.1735 0.0
0.174 0.0
0.1745 0.0
0.175 0.0
0.1755 0.0
0.176 0.0
0.1765 0.0
0.177 0.0
0.1775 0.0
0.178 0.0
0.1785 0.0
0.179 0.0
0.1795 0.0
0.18 0.0
0.1805 0.0
0.181 0.0
0.1815 0.0
0.182 0.0
0.1825 0.0
0.183 0.0
0.1835 0.0
0.184 0.0
0.1845 0.0
0.185 0.0
0.1855 0.0
0.186 0.0
0.1865 0.0
0.187 0.0
0.1875 0.0
0.188 0.0
0.1885 0.0
0.189 0.0
0.1895 0.0
0.19 0.0
0.1905 0.0
0.191 0.0
0.1915 0.0
0.192 0.0
0.1925 0.0
0.193 0.0
0.1935 0.0
0.194 0.0
0.1945 0.0
0.195 0.0
0.1955 0.0
0.196 0.0
0.1965 0.0
0.197 0.0
0.1975 0.0
0.198 0.0
0.1985 0.0
0.199 0.0
0.1995 0.0
0.2 0.0
0.2005 0.0
0.201 0.0
0.2015 0.0
0.202 0.0
0.2025 0.0
0.203 0.0
0.2035 0.0
