# (c0 tau) (p(tau))
-0.4 0.0
-0.3995 0.0
-0.399 0.0
-0.3985 0.0
-0.398 0.0
-0.3975 0.0
-0.397 0.0
-0.3965 0.0
-0.396 0.0
-0.3955 0.0
-0.395 0.0
-0.3945 0.0
-0.394 0.0
-0.3935 0.0
-0.393 0.0
-0.3925 0.0
-0.392 0.0
-0.3915 0.0
-0.391 0.0
-0.3905 0.0
-0.39 0.0
-0.3895 0.0
-0.389 0.0
-0.3885 0.0
-0.388 0.0
-0.3875 0.0
-0.387 0.0
-0.3865 0.0
-0.386 0.0
-0.3855 0.0
-0.385 0.0
-0.3845 0.0
-0.384 0.0
-0.3835 0.0
-0.383 0.0
-0.3825 0.0
-0.382 0.0
-0.3815 0.0
-0.381 0.0
-0.3805 0.0
-0.38 0.0
-0.3795 0.0
-0.379 0.0
-0.3785 0.0
-0.378 0.0
-0.3775 0.0
-0.377 0.0
-0.3765 0.0
-0.376 0.0
-0.3755 0.0
-0.375 0.0
-0.3745 0.0
-0.374 0.0
-0.3735 0.0
-0.373 0.0
-0.3725 0.0
-0.372 0.0
-0.3715 0.0
-0.371 0.0
-0.3705 0.0
-0.37 0.0
-0.3695 0.0
-0.369 0.0
-0.3685 0.0
-0.368 0.0
-0.3675 0.0
-0.367 0.0
-0.3665 0.0
-0.366 0.0
-0.3655 0.0
-0.365 0.0
-0.3645 0.0
-0.364 0.0
-0.3635 0.0
-0.363 0.0
-0.3625 0.0
-0.362 0.0
-0.3615 0.0
-0.361 0.0
-0.3605 0.0
-0.36 0.0
-0.3595 0.0
-0.359 0.0
-0.3585 0.0
-0.358 0.0
-0.3575 0.0
-0.357 0.0
-0.3565 0.0
-0.356 0.0
-0.3555 0.0
-0.355 0.0
-0.3545 0.0
-0.354 0.0
-0.3535 0.0
-0.353 0.0
-0.3525 0.0
-0.352 0.0
-0.3515 0.0
-0.351 0.0
-0.3505 0.0
-0.35 0.0
-0.3495 0.0
-0.349 0.0
-0.3485 0.0
-0.348 0.0
-0.3475 0.0
-0.347 0.0
-0.3465 0.0
-0.346 0.0
-0.3455 0.0
-0.345 0.0
-0.3445 0.0
-0.344 0.0
-0.3435 0.0
-0.343 0.0
-0.3425 0.0
-0.342 0.0
-0.3415 0.0
-0.341 0.0
-0.3405 0.0
-0.34 0.0
-0.3395 0.0
-0.339 0.0
-0.3385 0.0
-0.338 0.0
-0.3375 0.0
-0.337 0.0
-0.3365 0.0
-0.336 0.0
-0.3355 0.0
-0.335 0.0
-0.3345 0.0
-0.334 0.0
-0.3335 0.0
-0.333 0.0
-0.3325 0.0
-0.332 0.0
-0.3315 0.0
-0.331 0.0
-0.3305 0.0
-0.33 0.0
-0.3295 0.0
-0.329 0.0
-0.3285 0.0
-0.328 0.0
-0.3275 0.0
-0.327 0.0
-0.3265 0.0
-0.326 0.0
-0.3255 0.0
-0.325 0.0
-0.3245 0.0
-0.324 0.0
-0.3235 0.0
-0.323 0.0
-0.3225 0.0
-0.322 0.0
-0.3215 0.0
-0.321 0.0
-0.3205 0.0
-0.32 0.0
-0.3195 0.0
-0.319 0.0
-0.3185 0.0
-0.318 0.0
-0.3175 0.0
-0.317 0.0
-0.3165 0.0
-0.316 0.0
-0.3155 0.0
-0.315 0.0
-0.3145 0.0
-0.314 0.0
-0.3135 0.0
-0.313 0.0
-0.3125 0.0
-0.312 0.0
-0.3115 0.0
-0.311 0.0
-0.3105 0.0
-0.31 0.0
-0.3095 0.0
-0.309 0.0
-0.3085 0.0
-0.308 0.0
-0.3075 0.0
-0.307 0.0
-0.3065 0.0
-0.306 0.0
-0.3055 0.0
-0.305 0.0
-0.3045 0.0
-0.304 0.0
-0.3035 0.0
-0.303 0.0
-0.3025 0.0
-0.302 0.0
-0.3015 0.0
-0.301 0.0
-0.3005 0.0
-0.3 0.0
-0.2995 0.0
-0.299 0.0
-0.2985 0.0
-0.298 0.0
-0.2975 0.0
-0.297 0.0
-0.2965 0.0
-0.296 0.0
-0.2955 0.0
-0.295 0.0
-0.2945 0.0
-0.294 0.0
-0.2935 0.0
-0.293 0.0
-0.2925 0.0
-0.292 0.0
-0.2915 0.0
-0.291 0.0
-0.2905 0.0
-0.29 0.0
-0.2895 0.0
-0.289 0.0
-0.2885 0.0
-0.288 0.0
-0.2875 0.0
-0.287 0.0
-0.2865 0.0
-0.286 0.0
-0.2855 0.0
-0.285 0.0
-0.2845 0.0
-0.284 0.0
-0.2835 0.0
-0.283 0.0
-0.2825 0.0
-0.282 0.0
-0.2815 0.0
-0.281 0.0
-0.2805 0.0
-0.28 0.0
-0.2795 0.0
-0.279 0.0
-0.2785 0.0
-0.278 0.0
-0.2775 0.0
-0.277 0.0
-0.2765 0.0
-0.276 0.0
-0.2755 0.0
-0.275 0.0
-0.2745 0.0
-0.274 0.0
-0.2735 0.0
-0.273 0.0
-0.2725 0.0
-0.272 0.0
-0.2715 0.0
-0.271 0.0
-0.2705 0.0
-0.27 0.0
-0.2695 0.0
-0.269 0.0
-0.2685 0.0
-0.268 0.0
-0.2675 0.0
-0.267 0.0
-0.2665 0.0
-0.266 0.0
-0.2655 0.0
-0.265 0.0
-0.2645 0.0
-0.264 0.0
-0.2635 0.0
-0.263 0.0
-0.2625 0.0
-0.262 0.0
-0.2615 0.0
-0.261 0.0
-0.2605 0.0
-0.26 0.0
-0.2595 0.0
-0.259 0.0
-0.2585 0.0
-0.258 0.0
-0.2575 0.0
-0.257 0.0
-0.2565 0.0
-0.256 0.0
-0.2555 0.0
-0.255 0.0
-0.2545 0.0
-0.254 0.0
-0.2535 0.0
-0.253 0.0
-0.2525 0.0
-0.252 0.0
-0.2515 0.0
-0.251 0.0
-0.2505 0.0
-0.25 0.0
-0.2495 0.0
-0.249 0.0
-0.2485 0.0
-0.248 0.0
-0.2475 0.0
-0.247 0.0
-0.2465 0.0
-0.246 0.0
-0.2455 0.0
-0.245 0.0
-0.2445 0.0
-0.244 0.0
-0.2435 0.0
-0.243 0.0
-0.2425 0.0
-0.242 0.0
-0.2415 0.0
-0.241 0.0
-0.2405 0.0
-0.24 0.0
-0.2395 0.0
-0.239 0.0
-0.2385 0.0
-0.238 0.0
-0.2375 0.0
-0.237 0.0
-0.2365 0.0
-0.236 0.0
-0.2355 0.0
-0.235 0.0
-0.2345 0.0
-0.234 0.0
-0.2335 0.0
-0.233 0.0
-0.2325 0.0
-0.232 0.0
-0.2315 0.0
-0.231 0.0
-0.2305 0.0
-0.23 0.0
-0.2295 0.0
-0.229 0.0
-0.2285 0.0
-0.228 0.0
-0.2275 0.0
-0.227 0.0
-0.2265 0.0
-0.226 0.0
-0.2255 0.0
-0.225 0.0
-0.2245 0.0
-0.224 0.0
-0.2235 0.0
-0.223 0.0
-0.2225 0.0
-0.222 0.0
-0.2215 0.0
-0.221 0.0
-0.2205 0.0
-0.22 0.0
-0.2195 0.0
-0.219 0.0
-0.2185 0.0
-0.218 0.0
-0.2175 0.0
-0.217 0.0
-0.2165 0.0
-0.216 0.0
-0.2155 0.0
-0.215 0.0
-0.2145 0.0
-0.214 0.0
-0.2135 0.0
-0.213 0.0
-0.2125 0.0
-0.212 0.0
-0.2115 0.0
-0.211 0.0
-0.2105 0.0
-0.21 0.0
-0.2095 0.0
-0.209 0.0
-0.2085 0.0
-0.208 0.0
-0.2075 0.0
-0.207 0.0
-0.2065 0.0
-0.206 0.0
-0.2055 0.0
-0.205 0.0
-0.2045 0.0
-0.204 0.0
-0.2035 0.0
-0.203 0.0
-0.2025 0.0
-0.202 0.0
-0.2015 0.0
-0.201 0.0
-0.2005 0.0
-0.2 0.0
-0.1995 0.0
-0.199 0.0
-0.1985 0.0
-0.198 0.0
-0.1975 0.0
-0.197 0.0
-0.1965 0.0
-0.196 0.0
-0.1955 0.0
-0.195 0.0
-0.1945 0.0
-0.194 0.0
-0.1935 0.0
-0.193 0.0
-0.1925 0.0
-0.192 0.0
-0.1915 0.0
-0.191 0.0
-0.1905 0.0
-0.19 0.0
-0.1895 0.0
-0.189 0.0
-0.1885 0.0
-0.188 0.0
-0.1875 0.0
-0.187 0.0
-0.1865 0.0
-0.186 0.0
-0.1855 0.0
-0.185 0.0
-0.1845 0.0
-0.184 0.0
-0.1835 0.0
-0.183 0.0
-0.1825 0.0
-0.182 0.0
-0.1815 0.0
-0.181 0.0
-0.1805 0.0
-0.18 0.0
-0.1795 0.0
-0.179 0.0
-0.1785 0.0
-0.178 0.0
-0.1775 0.0
-0.177 0.0
-0.1765 0.0
-0.176 0.0
-0.1755 0.0
-0.175 0.0
-0.1745 0.0
-0.174 0.0
-0.1735 0.0
-0.173 0.0
-0.1725 0.0
-0.172 0.0
-0.1715 0.0
-0.171 0.0
-0.1705 0.0
-0.17 0.0
-0.1695 0.0
-0.169 0.0
-0.1685 0.0
-0.168 0.0
-0.1675 0.0
-0.167 0.0
-0.1665 0.0
-0.166 0.0
-0.1655 0.0
-0.165 0.0
-0.1645 0.0
-0.164 0.0
-0.1635 0.0
-0.163 0.0
-0.1625 0.0
-0.162 0.0
-0.1615 0.0
-0.161 0.0
-0.1605 0.0
-0.16 0.0
-0.1595 0.0
-0.159 0.0
-0.1585 0.0
-0.158 0.0
-0.1575 0.0
-0.157 0.0
-0.1565 0.0
-0.156 0.0
-0.1555 0.0
-0.155 0.0
-0.1545 0.0
-0.154 0.0
-0.1535 0.0
-0.153 0.0
-0.1525 0.0
-0.152 0.0
-0.1515 0.0
-0.151 0.0
-0.1505 0.0
-0.15 0.0
-0.1495 0.0
-0.149 0.0
-0.1485 0.0
-0.148 0.0
-0.1475 0.0
-0.147 0.0
-0.1465 0.0
-0.146 0.0
-0.1455 0.0
-0.145 0.0
-0.1445 0.0
-0.144 0.0
-0.1435 0.0
-0.143 0.0
-0.1425 0.0
-0.142 0.0
-0.1415 0.0
-0.141 0.0
-0.1405 0.0
-0.14 0.0
-0.1395 0.0
-0.139 0.0
-0.1385 0.0
-0.138 0.0
-0.1375 0.0
-0.137 0.0
-0.1365 0.0
-0.136 0.0
-0.1355 0.0
-0.135 0.0
-0.1345 0.0
-0.134 0.0
-0.1335 0.0
-0.133 0.0
-0.1325 0.0
-0.132 0.0
-0.1315 0.0
-0.131 0.0
-0.1305 0.0
-0.13 0.0
-0.1295 0.0
-0.129 0.0
-0.1285 0.0
-0.128 0.0
-0.1275 0.0
-0.127 0.0
-0.1265 0.0
-0.126 0.0
-0.1255 0.0
-0.125 0.0
-0.1245 0.0
-0.124 0.0
-0.1235 0.0
-0.123 0.0
-0.1225 0.0
-0.122 0.0
-0.1215 0.0
-0.121 0.0
-0.1205 0.0
-0.12 0.0
-0.1195 0.0
-0.119 0.0
-0.1185 0.0
-0.118 0.0
-0.1175 0.0
-0.117 0.0
-0.1165 0.0
-0.116 0.0
-0.1155 0.0
-0.115 0.0
-0.1145 0.0
-0.114 0.0
-0.1135 0.0
-0.113 0.0
-0.1125 0.0
-0.112 0.0
-0.1115 0.0
-0.111 0.0
-0.1105 0.0
-0.11 0.0
-0.1095 0.0
-0.109 0.0
-0.1085 0.0
-0.108 0.0
-0.1075 0.0
-0.107 0.0
-0.1065 0.0
-0.106 0.0
-0.1055 0.0
-0.105 0.0
-0.1045 0.0
-0.104 0.0
-0.1035 0.0
-0.103 0.0
-0.1025 0.0
-0.102 0.0
-0.1015 0.0
-0.101 0.0
-0.1005 0.0
-0.1 0.0
-0.0995 0.0
-0.099 0.0
-0.0985 0.0
-0.098 0.0
-0.0975 0.0
-0.097 0.0
-0.0965 0.0
-0.096 0.0
-0.0955 0.0
-0.095 0.0
-0.0945 0.0
-0.094 0.0
-0.0935 0.0
-0.093 0.0
-0.0925 0.0
-0.092 0.0
-0.0915 0.0
-0.091 0.0
-0.0905 0.0
-0.09 0.0
-0.0895 0.0
-0.089 0.0
-0.0885 0.0
-0.088 0.0
-0.0875 0.0
-0.087 0.0
-0.0865 0.0
-0.086 0.0
-0.0855 0.0
-0.085 0.0
-0.0845 0.0
-0.084 0.0
-0.0835 0.0
-0.083 0.0
-0.0825 0.0
-0.082 0.0
-0.0815 0.0
-0.081 0.0
-0.0805 0.0
-0.08 0.0
-0.0795 0.0
-0.079 0.0
-0.0785 0.0
-0.078 0.0
-0.0775 0.0
-0.077 0.0
-0.0765 0.0
-0.076 0.0
-0.0755 0.0
-0.075 0.0
-0.0745 0.0
-0.074 0.0
-0.0735 0.0
-0.073 0.0
-0.0725 0.0
-0.072 0.0
-0.0715 0.0
-0.071 0.0
-0.0705 0.0
-0.07 0.0
-0.0695 0.0
-0.069 0.0
-0.0685 0.0
-0.068 0.0
-0.0675 0.0
-0.067 0.0
-0.0665 0.0
-0.066 0.0
-0.0655 0.0
-0.065 0.0
-0.0645 0.0
-0.064 0.0
-0.0635 0.0
-0.063 0.0
-0.0625 0.0
-0.062 0.0
-0.0615 0.0
-0.061 0.0
-0.0605 0.0
-0.06 0.0
-0.0595 0.0
-0.059 0.0
-0.0585 0.0
-0.058 0.0
-0.0575 0.0
-0.057 0.0
-0.0565 0.0
-0.056 0.0
-0.0555 0.0
-0.055 0.0
-0.0545 0.0
-0.054 0.0
-0.0535 0.0
-0.053 0.0
-0.0525 0.0
-0.052 0.0
-0.0515 0.0
-0.051 0.0
-0.0505 0.0
-0.05 0.0
-0.0495 0.0
-0.049 0.0
-0.0485 0.0
-0.048 0.0
-0.0475 0.0
-0.047 0.0
-0.0465 0.0
-0.046 0.0
-0.0455 0.0
-0.045 0.0
-0.0445 0.0
-0.044 0.0
-0.0435 0.0
-0.043 0.0
-0.0425 0.0
-0.042 0.0
-0.0415 0.0
-0.041 0.0
-0.0405 0.0
-0.04 0.0
-0.0395 0.0
-0.039 0.0
-0.0385 0.0
-0.038 0.0
-0.0375 0.0
-0.037 0.0
-0.0365 0.0
-0.036 0.0
-0.0355 0.0
-0.035 0.0
-0.0345 0.0
-0.034 0.0
-0.0335 0.0
-0.033 0.0
-0.0325 0.0
-0.032 0.0
-0.0315 0.0
-0.031 0.0
-0.0305 0.0
-0.03 0.0
-0.0295 0.0
-0.029 0.0
-0.0285 0.0
-0.028 0.0
-0.0275 0.0
-0.027 0.0
-0.0265 0.0
-0.026 0.0
-0.0255 0.0
-0.025 0.0
-0.0245 0.0
-0.024 0.0
-0.0235 0.0
-0.023 0.0
-0.0225 0.0
-0.022 0.0
-0.0215 0.0
-0.021 0.0
-0.0205 0.0
-0.02 0.0
-0.0195 0.0
-0.019 0.0
-0.0185 0.0
-0.018 0.0
-0.0175 0.0
-0.017 0.0
-0.0165 0.0
-0.016 0.0
-0.0155 0.0
-0.015 0.0
-0.0145 0.0
-0.014 0.0
-0.0135 0.0
-0.013 0.0
-0.0125 0.0
-0.012 0.0
-0.0115 0.0
-0.011 0.0
-0.0105 0.0
-0.01 0.0
-0.0095 0.0
-0.009 0.0
-0.0085 0.0
-0.008 0.0
-0.0075 0.0
-0.007 0.0
-0.0065 0.0
-0.006 0.0
-0.0055 0.0
-0.005 0.0
-0.0045 0.0
-0.004 0.0
-0.0035 0.0
-0.003 0.0
-0.0025 0.0
-0.002 0.0
-0.0015 0.0
-0.001 0.0
-0.0005 514.245992607
3.1763735522e-16 1127.11634424
0.0005 886.186670577
0.001 519.733118494
0.0015 472.740156387
0.002 418.610628218
0.0025 358.890627035
0.003 216.320619385
0.0035 93.914315074
0.004 85.171452172
0.0045 86.5923606038
0.005 79.5376342304
0.0055 73.1778571567
0.006 66.9655821381
0.0065 66.4516039237
0.007 75.6587969213
0.0075 75.2089657666
0.008 75.9343520875
0.0085 79.7208883996
0.009 80.6199085631
0.0095 -540.985122963
0.01 -1355.49721249
0.0105 -1190.65558527
0.011 -711.04248481
0.0115 -516.880225562
0.012 -398.262507595
0.0125 -310.154346414
0.013 -199.085099723
0.0135 -104.978872208
0.014 -58.9645364539
0.0145 -32.5642304132
0.015 -16.6567482929
0.0155 287.209636597
0.016 590.358761345
0.0165 358.323049448
0.017 99.765211776
0.0175 70.9756144253
0.018 55.7608271386
0.0185 43.5834953278
0.019 28.8278507549
0.0195 16.4010946115
0.02 8.72036073293
0.0205 4.99772172079
0.021 0.922610718008
0.0215 -3.32197739935
0.022 -3.62776310985
0.0225 -4.07743289226
0.023 -5.76045921384
0.0235 -6.59429681164
0.024 -8.04157869313
0.0245 -9.57167983585
0.025 -8.91843653525
0.0255 -9.49098594862
0.026 -10.5901924549
0.0265 -9.66066599197
0.027 -11.4794635342
0.0275 -13.5357772976
0.028 -12.2818623159
0.0285 -12.4713466495
0.029 -13.0491599476
0.0295 -13.4071912766
0.03 -15.4936866082
0.0305 -16.7025667152
0.031 -15.7917371967
0.0315 -14.86778665
0.032 -16.0386261704
0.0325 -16.7833659969
0.033 -16.8628773364
0.0335 -17.6448193833
0.034 -17.3910404214
0.0345 -17.9306995613
0.035 -18.7250552685
0.0355 -17.2322402239
0.036 -17.5381337172
0.0365 -20.1912220717
0.037 -19.1698604975
0.0375 -19.096414232
0.038 -20.7389185903
0.0385 -20.7911272808
0.039 -22.6625866991
0.0395 -54.1733538331
0.04 -74.0815537993
0.0405 -58.3897476192
0.041 -50.5269878343
0.0415 -43.030557005
0.042 -35.5461055007
0.0425 -30.9078911551
0.043 -24.9512842093
0.0435 -22.2982763916
0.044 -22.633605259
0.0445 -20.2891904786
0.045 -18.0400695861
0.0455 -16.9995722876
0.046 -17.1767019838
0.0465 -16.2641696449
0.047 -13.158571616
0.0475 -12.3791606988
0.048 -11.4961941603
0.0485 -10.5152570972
0.049 -11.385903703
0.0495 -10.983315681
0.05 -8.91914638816
0.0505 -8.83853225899
0.051 -9.06117753131
0.0515 -8.95007404243
0.052 -8.3684806139
0.0525 -7.35559107962
0.053 -7.08123475287
0.0535 -6.58276734896
0.054 -6.36538558512
0.0545 -5.86494585027
0.055 -5.90951064074
0.0555 -5.14071173759
0.056 -4.07772566562
0.0565 -4.65971442
0.057 -4.38490350014
0.0575 -3.68789035696
0.058 -3.07809936551
0.0585 -2.27231774871
0.059 -0.0228964645847
0.0595 0.361416601288
0.06 -1.13512059619
0.0605 -2.01343514077
0.061 -2.64948298853
0.0615 -3.11180330781
0.062 -4.15315056769
0.0625 -4.17729152989
0.063 -3.37801849194
0.0635 -4.15185633698
0.064 -4.61101723556
0.0645 -3.57814675903
0.065 -3.77268193956
0.0655 -4.2327772166
0.066 -4.20175132603
0.0665 -4.47529864949
0.067 -4.19195179358
0.0675 -4.01621289429
0.068 -4.09413113691
0.0685 -3.90943700006
0.069 -4.02931741046
0.0695 -4.23881348293
0.07 -3.86596803246
0.0705 -3.27594108335
0.071 -3.33891914366
0.0715 -4.0594166148
0.072 -3.71289255664
0.0725 -3.50185476479
0.073 -3.76186819038
0.0735 -3.45257860448
0.074 -3.60968356978
0.0745 -3.50813125253
0.075 -3.47109540955
0.0755 -3.0828419685
0.076 -2.8633671591
0.0765 -3.47960220044
0.077 -3.47082344603
0.0775 -3.09834259975
0.078 -2.79332736055
0.0785 -2.99172381353
0.079 -3.30680897937
0.0795 -2.96391665895
0.08 -2.66682804629
0.0805 -3.00883420249
0.081 -2.90904759728
0.0815 -2.84958976762
0.082 -2.99672523109
0.0825 -2.76590026004
0.083 -2.72890131394
0.0835 -2.78795804026
0.084 -2.61997901778
0.0845 -2.60204310857
0.085 -2.51397861662
0.0855 -2.47265831199
0.086 -2.41884298494
0.0865 -2.3870133036
0.087 -2.4846572153
0.0875 -2.41977546705
0.088 -2.36770161715
0.0885 -2.36756918199
0.089 -2.4284580611
0.0895 -2.21157809997
0.09 -2.05041305838
0.0905 -2.37115821093
0.091 -2.35578529438
0.0915 -1.98785143517
0.092 -2.16501914977
0.0925 -2.28276507717
0.093 -2.11122774949
0.0935 -2.12786578474
0.094 -2.07709473821
0.0945 -1.96770442693
0.095 -2.01565009025
0.0955 -2.04394180294
0.096 -1.85772942881
0.0965 -1.89854944748
0.097 -1.90110141712
0.0975 -1.64267859679
0.098 -1.77441101145
0.0985 -2.08798514843
0.099 -1.73936161583
0.0995 -9.21567316756
0.1 -23.7498267988
0.1005 -29.2860122172
0.101 -27.2286885115
0.1015 -25.2058059249
0.102 -22.13032558
0.1025 -15.2167853813
0.103 -8.05361301341
0.1035 -4.53049826137
0.104 -2.25217186303
0.1045 -0.750833970011
0.105 -0.0795767274393
0.1055 0.0
0.106 0.0
0.1065 0.0
0.107 0.0
0.1075 0.0
0.108 0.0
0.1085 0.0
0.109 0.0
0.1095 0.0
0.11 0.0
0.1105 0.0
0.111 0.0
0.1115 0.0
0.112 0.0
0.1125 0.0
0.113 0.0
0.1135 0.0
0.114 0.0
0.1145 0.0
0.115 0.0
0.1155 0.0
0.116 0.0
0.1165 0.0
0.117 0.0
0.1175 0.0
0.118 0.0
0.1185 0.0
0.119 0.0
0.1195 0.0
0.12 0.0
0.1205 0.0
0.121 0.0
0.1215 0.0
0.122 0.0
0.1225 0.0
0.123 0.0
0.1235 0.0
0.124 0.0
0.1245 0.0
0.125 0.0
0.1255 0.0
0.126 0.0
0.1265 0.0
0.127 0.0
0.1275 0.0
0.128 0.0
0.1285 0.0
0.129 0.0
0.1295 0.0
0.13 0.0
0.1305 0.0
0.131 0.0
0.1315 0.0
0.132 0.0
0.1325 0.0
0.133 0.0
0.1335 0.0
0.134 0.0
0.1345 0.0
0.135 0.0
0.1355 0.0
0.136 0.0
0.1365 0.0
0.137 0.0
0.1375 0.0
0.138 0.0
0.1385 0.0
0.139 0.0
0.1395 0.0
0.14 0.0
0.1405 0.0
0.141 0.0
0.1415 0.0
0.142 0.0
0.1425 0.0
0.143 0.0
0.1435 0.0
0.144 0.0
0.1445 0.0
0.145 0.0
0.1455 0.0
0.146 0.0
0.1465 0.0
0.147 0.0
0.1475 0.0
0.148 0.0
0.1485 0.0
0.149 0.0
0.1495 0.0
0.15 0.0
0.1505 0.0
0.151 0.0
0.1515 0.0
0.152 0.0
0.1525 0.0
0.153 0.0
0.1535 0.0
0.154 0.0
0.1545 0.0
0.155 0.0
0.1555 0.0
0.156 0.0
0.1565 0.0
0.157 0.0
0.1575 0.0
0.158 0.0
0.1585 0.0
0.159 0.0
0.1595 0.0
0.16 0.0
0.1605 0.0
0.161 0.0
0.1615 0.0
0.162 0.0
0.1625 0.0
0.163 0.0
0.1635 0.0
0.164 0.0
0.1645 0.0
0.165 0.0
0.1655 0.0
0.166 0.0
0.1665 0.0
0.167 0.0
0.1675 0.0
0.168 0.0
0.1685 0.0
0.169 0.0
0.1695 0.0
0.17 0.0
0.1705 0.0
0.171 0.0
0.1715 0.0
0.172 0.0
0.1725 0.0
0.173 0.0
0.1735 0.0
0.174 0.0
0.1745 0.0
0.175 0.0
0.1755 0.0
0.176 0.0
0.1765 0.0
0.177 0.0
0.1775 0.0
0.178 0.0
0.1785 0.0
0.179 0.0
0.1795 0.0
0.18 0.0
0.1805 0.0
0.181 0.0
0.1815 0.0
0.182 0.0
0.1825 0.0
0.183 0.0
0.1835 0.0
0.184 0.0
0.1845 0.0
0.185 0.0
0.1855 0.0
0.186 0.0
0.1865 0.0
0.187 0.0
0.1875 0.0
0.188 0.0
0.1885 0.0
0.189 0.0
0.1895 0.0
0.19 0.0
0.1905 0.0
0.191 0.0
0.1915 0.0
0.192 0.0
0.1925 0.0
0.193 0.0
0.1935 0.0
0.194 0.0
0.1945 0.0
0.195 0.0
0.1955 0.0
0.196 0.0
0.1965 0.0
0.197 0.0
0.1975 0.0
0.198 0.0
0.1985 0.0
