# (c0 tau) (p(tau))
-0.8 0.0
-0.7995 0.0
-0.799 0.0
-0.7985 0.0
-0.798 0.0
-0.7975 0.0
-0.797 0.0
-0.7965 0.0
-0.796 0.0
-0.7955 0.0
-0.795 0.0
-0.7945 0.0
-0.794 0.0
-0.7935 0.0
-0.793 0.0
-0.7925 0.0
-0.792 0.0
-0.7915 0.0
-0.791 0.0
-0.7905 0.0
-0.79 0.0
-0.7895 0.0
-0.789 0.0
-0.7885 0.0
-0.788 0.0
-0.7875 0.0
-0.787 0.0
-0.7865 0.0
-0.786 0.0
-0.7855 0.0
-0.785 0.0
-0.7845 0.0
-0.784 0.0
-0.7835 0.0
-0.783 0.0
-0.7825 0.0
-0.782 0.0
-0.7815 0.0
-0.781 0.0
-0.7805 0.0
-0.78 0.0
-0.7795 0.0
-0.779 0.0
-0.7785 0.0
-0.778 0.0
-0.7775 0.0
-0.777 0.0
-0.7765 0.0
-0.776 0.0
-0.7755 0.0
-0.775 0.0
-0.7745 0.0
-0.774 0.0
-0.7735 0.0
-0.773 0.0
-0.7725 0.0
-0.772 0.0
-0.7715 0.0
-0.771 0.0
-0.7705 0.0
-0.77 0.0
-0.7695 0.0
-0.769 0.0
-0.7685 0.0
-0.768 0.0
-0.7675 0.0
-0.767 0.0
-0.7665 0.0
-0.766 0.0
-0.7655 0.0
-0.765 0.0
-0.7645 0.0
-0.764 0.0
-0.7635 0.0
-0.763 0.0
-0.7625 0.0
-0.762 0.0
-0.7615 0.0
-0.761 0.0
-0.7605 0.0
-0.76 0.0
-0.7595 0.0
-0.759 0.0
-0.7585 0.0
-0.758 0.0
-0.7575 0.0
-0.757 0.0
-0.7565 0.0
-0.756 0.0
-0.7555 0.0
-0.755 0.0
-0.7545 0.0
-0.754 0.0
-0.7535 0.0
-0.753 0.0
-0.7525 0.0
-0.752 0.0
-0.7515 0.0
-0.751 0.0
-0.7505 0.0
-0.75 0.0
-0.7495 0.0
-0.749 0.0
-0.7485 0.0
-0.748 0.0
-0.7475 0.0
-0.747 0.0
-0.7465 0.0
-0.746 0.0
-0.7455 0.0
-0.745 0.0
-0.7445 0.0
-0.744 0.0
-0.7435 0.0
-0.743 0.0
-0.7425 0.0
-0.742 0.0
-0.7415 0.0
-0.741 0.0
-0.7405 0.0
-0.74 0.0
-0.7395 0.0
-0.739 0.0
-0.7385 0.0
-0.738 0.0
-0.7375 0.0
-0.737 0.0
-0.7365 0.0
-0.736 0.0
-0.7355 0.0
-0.735 0.0
-0.7345 0.0
-0.734 0.0
-0.7335 0.0
-0.733 0.0
-0.7325 0.0
-0.732 0.0
-0.7315 0.0
-0.731 0.0
-0.7305 0.0
-0.73 0.0
-0.7295 0.0
-0.729 0.0
-0.7285 0.0
-0.728 0.0
-0.7275 0.0
-0.727 0.0
-0.7265 0.0
-0.726 0.0
-0.7255 0.0
-0.725 0.0
-0.7245 0.0
-0.724 0.0
-0.7235 0.0
-0.723 0.0
-0.7225 0.0
-0.722 0.0
-0.7215 0.0
-0.721 0.0
-0.7205 0.0
-0.72 0.0
-0.7195 0.0
-0.719 0.0
-0.7185 0.0
-0.718 0.0
-0.7175 0.0
-0.717 0.0
-0.7165 0.0
-0.716 0.0
-0.7155 0.0
-0.715 0.0
-0.7145 0.0
-0.714 0.0
-0.7135 0.0
-0.713 0.0
-0.7125 0.0
-0.712 0.0
-0.7115 0.0
-0.711 0.0
-0.7105 0.0
-0.71 0.0
-0.7095 0.0
-0.709 0.0
-0.7085 0.0
-0.708 0.0
-0.7075 0.0
-0.707 0.0
-0.7065 0.0
-0.706 0.0
-0.7055 0.0
-0.705 0.0
-0.7045 0.0
-0.704 0.0
-0.7035 0.0
-0.703 0.0
-0.7025 0.0
-0.702 0.0
-0.7015 0.0
-0.701 0.0
-0.7005 0.0
-0.7 0.0
-0.6995 0.0
-0.699 0.0
-0.6985 0.0
-0.698 0.0
-0.6975 0.0
-0.697 0.0
-0.6965 0.0
-0.696 0.0
-0.6955 0.0
-0.695 0.0
-0.6945 0.0
-0.694 0.0
-0.6935 0.0
-0.693 0.0
-0.6925 0.0
-0.692 0.0
-0.6915 0.0
-0.691 0.0
-0.6905 0.0
-0.69 0.0
-0.6895 0.0
-0.689 0.0
-0.6885 0.0
-0.688 0.0
-0.6875 0.0
-0.687 0.0
-0.6865 0.0
-0.686 0.0
-0.6855 0.0
-0.685 0.0
-0.6845 0.0
-0.684 0.0
-0.6835 0.0
-0.683 0.0
-0.6825 0.0
-0.682 0.0
-0.6815 0.0
-0.681 0.0
-0.6805 0.0
-0.68 0.0
-0.6795 0.0
-0.679 0.0
-0.6785 0.0
-0.678 0.0
-0.6775 0.0
-0.677 0.0
-0.6765 0.0
-0.676 0.0
-0.6755 0.0
-0.675 0.0
-0.6745 0.0
-0.674 0.0
-0.6735 0.0
-0.673 0.0
-0.6725 0.0
-0.672 0.0
-0.6715 0.0
-0.671 0.0
-0.6705 0.0
-0.67 0.0
-0.6695 0.0
-0.669 0.0
-0.6685 0.0
-0.668 0.0
-0.6675 0.0
-0.667 0.0
-0.6665 0.0
-0.666 0.0
-0.6655 0.0
-0.665 0.0
-0.6645 0.0
-0.664 0.0
-0.6635 0.0
-0.663 0.0
-0.6625 0.0
-0.662 0.0
-0.6615 0.0
-0.661 0.0
-0.6605 0.0
-0.66 0.0
-0.6595 0.0
-0.659 0.0
-0.6585 0.0
-0.658 0.0
-0.6575 0.0
-0.657 0.0
-0.6565 0.0
-0.656 0.0
-0.6555 0.0
-0.655 0.0
-0.6545 0.0
-0.654 0.0
-0.6535 0.0
-0.653 0.0
-0.6525 0.0
-0.652 0.0
-0.6515 0.0
-0.651 0.0
-0.6505 0.0
-0.65 0.0
-0.6495 0.0
-0.649 0.0
-0.6485 0.0
-0.648 0.0
-0.6475 0.0
-0.647 0.0
-0.6465 0.0
-0.646 0.0
-0.6455 0.0
-0.645 0.0
-0.6445 0.0
-0.644 0.0
-0.6435 0.0
-0.643 0.0
-0.6425 0.0
-0.642 0.0
-0.6415 0.0
-0.641 0.0
-0.6405 0.0
-0.64 0.0
-0.6395 0.0
-0.639 0.0
-0.6385 0.0
-0.638 0.0
-0.6375 0.0
-0.637 0.0
-0.6365 0.0
-0.636 0.0
-0.6355 0.0
-0.635 0.0
-0.6345 0.0
-0.634 0.0
-0.6335 0.0
-0.633 0.0
-0.6325 0.0
-0.632 0.0
-0.6315 0.0
-0.631 0.0
-0.6305 0.0
-0.63 0.0
-0.6295 0.0
-0.629 0.0
-0.6285 0.0
-0.628 0.0
-0.6275 0.0
-0.627 0.0
-0.6265 0.0
-0.626 0.0
-0.6255 0.0
-0.625 0.0
-0.6245 0.0
-0.624 0.0
-0.6235 0.0
-0.623 0.0
-0.6225 0.0
-0.622 0.0
-0.6215 0.0
-0.621 0.0
-0.6205 0.0
-0.62 0.0
-0.6195 0.0
-0.619 0.0
-0.6185 0.0
-0.618 0.0
-0.6175 0.0
-0.617 0.0
-0.6165 0.0
-0.616 0.0
-0.6155 0.0
-0.615 0.0
-0.6145 0.0
-0.614 0.0
-0.6135 0.0
-0.613 0.0
-0.6125 0.0
-0.612 0.0
-0.6115 0.0
-0.611 0.0
-0.6105 0.0
-0.61 0.0
-0.6095 0.0
-0.609 0.0
-0.6085 0.0
-0.608 0.0
-0.6075 0.0
-0.607 0.0
-0.6065 0.0
-0.606 0.0
-0.6055 0.0
-0.605 0.0
-0.6045 0.0
-0.604 0.0
-0.6035 0.0
-0.603 0.0
-0.6025 0.0
-0.602 0.0
-0.6015 0.0
-0.601 0.0
-0.6005 0.0
-0.6 0.0
-0.5995 0.0
-0.599 0.0
-0.5985 0.0
-0.598 0.0
-0.5975 0.0
-0.597 0.0
-0.5965 0.0
-0.596 0.0
-0.5955 0.0
-0.595 0.0
-0.5945 0.0
-0.594 0.0
-0.5935 0.0
-0.593 0.0
-0.5925 0.0
-0.592 0.0
-0.5915 0.0
-0.591 0.0
-0.5905 0.0
-0.59 0.0
-0.5895 0.0
-0.589 0.0
-0.5885 0.0
-0.588 0.0
-0.5875 0.0
-0.587 0.0
-0.5865 0.0
-0.586 0.0
-0.5855 0.0
-0.585 0.0
-0.5845 0.0
-0.584 0.0
-0.5835 0.0
-0.583 0.0
-0.5825 0.0
-0.582 0.0
-0.5815 0.0
-0.581 0.0
-0.5805 0.0
-0.58 0.0
-0.5795 0.0
-0.579 0.0
-0.5785 0.0
-0.578 0.0
-0.5775 0.0
-0.577 0.0
-0.5765 0.0
-0.576 0.0
-0.5755 0.0
-0.575 0.0
-0.5745 0.0
-0.574 0.0
-0.5735 0.0
-0.573 0.0
-0.5725 0.0
-0.572 0.0
-0.5715 0.0
-0.571 0.0
-0.5705 0.0
-0.57 0.0
-0.5695 0.0
-0.569 0.0
-0.5685 0.0
-0.568 0.0
-0.5675 0.0
-0.567 0.0
-0.5665 0.0
-0.566 0.0
-0.5655 0.0
-0.565 0.0
-0.5645 0.0
-0.564 0.0
-0.5635 0.0
-0.563 0.0
-0.5625 0.0
-0.562 0.0
-0.5615 0.0
-0.561 0.0
-0.5605 0.0
-0.56 0.0
-0.5595 0.0
-0.559 0.0
-0.5585 0.0
-0.558 0.0
-0.5575 0.0
-0.557 0.0
-0.5565 0.0
-0.556 0.0
-0.5555 0.0
-0.555 0.0
-0.5545 0.0
-0.554 0.0
-0.5535 0.0
-0.553 0.0
-0.5525 0.0
-0.552 0.0
-0.5515 0.0
-0.551 0.0
-0.5505 0.0
-0.55 0.0
-0.5495 0.0
-0.549 0.0
-0.5485 0.0
-0.548 0.0
-0.5475 0.0
-0.547 0.0
-0.5465 0.0
-0.546 0.0
-0.5455 0.0
-0.545 0.0
-0.5445 0.0
-0.544 0.0
-0.5435 0.0
-0.543 0.0
-0.5425 0.0
-0.542 0.0
-0.5415 0.0
-0.541 0.0
-0.5405 0.0
-0.54 0.0
-0.5395 0.0
-0.539 0.0
-0.5385 0.0
-0.538 0.0
-0.5375 0.0
-0.537 0.0
-0.5365 0.0
-0.536 0.0
-0.5355 0.0
-0.535 0.0
-0.5345 0.0
-0.534 0.0
-0.5335 0.0
-0.533 0.0
-0.5325 0.0
-0.532 0.0
-0.5315 0.0
-0.531 0.0
-0.5305 0.0
-0.53 0.0
-0.5295 0.0
-0.529 0.0
-0.5285 0.0
-0.528 0.0
-0.5275 0.0
-0.527 0.0
-0.5265 0.0
-0.526 0.0
-0.5255 0.0
-0.525 0.0
-0.5245 0.0
-0.524 0.0
-0.5235 0.0
-0.523 0.0
-0.5225 0.0
-0.522 0.0
-0.5215 0.0
-0.521 0.0
-0.5205 0.0
-0.52 0.0
-0.5195 0.0
-0.519 0.0
-0.5185 0.0
-0.518 0.0
-0.5175 0.0
-0.517 0.0
-0.5165 0.0
-0.516 0.0
-0.5155 0.0
-0.515 0.0
-0.5145 0.0
-0.514 0.0
-0.5135 0.0
-0.513 0.0
-0.5125 0.0
-0.512 0.0
-0.5115 0.0
-0.511 0.0
-0.5105 0.0
-0.51 0.0
-0.5095 0.0
-0.509 0.0
-0.5085 0.0
-0.508 0.0
-0.5075 0.0
-0.507 0.0
-0.5065 0.0
-0.506 0.0
-0.5055 0.0
-0.505 0.0
-0.5045 0.0
-0.504 0.0
-0.5035 0.0
-0.503 0.0
-0.5025 0.0
-0.502 0.0
-0.5015 0.0
-0.501 0.0
-0.5005 0.0
-0.5 0.0
-0.4995 0.0
-0.499 0.0
-0.4985 0.0
-0.498 0.0
-0.4975 0.0
-0.497 0.0
-0.4965 0.0
-0.496 0.0
-0.4955 0.0
-0.495 0.0
-0.4945 0.0
-0.494 0.0
-0.4935 0.0
-0.493 0.0
-0.4925 0.0
-0.492 0.0
-0.4915 0.0
-0.491 0.0
-0.4905 0.0
-0.49 0.0
-0.4895 0.0
-0.489 0.0
-0.4885 0.0
-0.488 0.0
-0.4875 0.0
-0.487 0.0
-0.4865 0.0
-0.486 0.0
-0.4855 0.0
-0.485 0.0
-0.4845 0.0
-0.484 0.0
-0.4835 0.0
-0.483 0.0
-0.4825 0.0
-0.482 0.0
-0.4815 0.0
-0.481 0.0
-0.4805 0.0
-0.48 0.0
-0.4795 0.0
-0.479 0.0
-0.4785 0.0
-0.478 0.0
-0.4775 0.0
-0.477 0.0
-0.4765 0.0
-0.476 0.0
-0.4755 0.0
-0.475 0.0
-0.4745 0.0
-0.474 0.0
-0.4735 0.0
-0.473 0.0
-0.4725 0.0
-0.472 0.0
-0.4715 0.0
-0.471 0.0
-0.4705 0.0
-0.47 0.0
-0.4695 0.0
-0.469 0.0
-0.4685 0.0
-0.468 0.0
-0.4675 0.0
-0.467 0.0
-0.4665 0.0
-0.466 0.0
-0.4655 0.0
-0.465 0.0
-0.4645 0.0
-0.464 0.0
-0.4635 0.0
-0.463 0.0
-0.4625 0.0
-0.462 0.0
-0.4615 0.0
-0.461 0.0
-0.4605 0.0
-0.46 0.0
-0.4595 0.0
-0.459 0.0
-0.4585 0.0
-0.458 0.0
-0.4575 0.0
-0.457 0.0
-0.4565 0.0
-0.456 0.0
-0.4555 0.0
-0.455 0.0
-0.4545 0.0
-0.454 0.0
-0.4535 0.0
-0.453 0.0
-0.4525 0.0
-0.452 0.0
-0.4515 0.0
-0.451 0.0
-0.4505 0.0
-0.45 0.0
-0.4495 0.0
-0.449 0.0
-0.4485 0.0
-0.448 0.0
-0.4475 0.0
-0.447 0.0
-0.4465 0.0
-0.446 0.0
-0.4455 0.0
-0.445 0.0
-0.4445 0.0
-0.444 0.0
-0.4435 0.0
-0.443 0.0
-0.4425 0.0
-0.442 0.0
-0.4415 0.0
-0.441 0.0
-0.4405 0.0
-0.44 0.0
-0.4395 0.0
-0.439 0.0
-0.4385 0.0
-0.438 0.0
-0.4375 0.0
-0.437 0.0
-0.4365 0.0
-0.436 0.0
-0.4355 0.0
-0.435 0.0
-0.4345 0.0
-0.434 0.0
-0.4335 0.0
-0.433 0.0
-0.4325 0.0
-0.432 0.0
-0.4315 0.0
-0.431 0.0
-0.4305 0.0
-0.43 0.0
-0.4295 0.0
-0.429 0.0
-0.4285 0.0
-0.428 0.0
-0.4275 0.0
-0.427 0.0
-0.4265 0.0
-0.426 0.0
-0.4255 0.0
-0.425 0.0
-0.4245 0.0
-0.424 0.0
-0.4235 0.0
-0.423 0.0
-0.4225 0.0
-0.422 0.0
-0.4215 0.0
-0.421 0.0
-0.4205 0.0
-0.42 0.0
-0.4195 0.0
-0.419 0.0
-0.4185 0.0
-0.418 0.0
-0.4175 0.0
-0.417 0.0
-0.4165 0.0
-0.416 0.0
-0.4155 0.0
-0.415 0.0
-0.4145 0.0
-0.414 0.0
-0.4135 0.0
-0.413 0.0
-0.4125 0.0
-0.412 0.0
-0.4115 0.0
-0.411 0.0
-0.4105 0.0
-0.41 0.0
-0.4095 0.0
-0.409 0.0
-0.4085 0.0
-0.408 0.0
-0.4075 0.0
-0.407 0.0
-0.4065 0.0
-0.406 0.0
-0.4055 0.0
-0.405 0.0
-0.4045 0.0
-0.404 0.0
-0.4035 0.0
-0.403 0.0
-0.4025 0.0
-0.402 0.0
-0.4015 0.0
-0.401 0.0
-0.4005 0.0
-0.4 0.0
-0.3995 0.0
-0.399 0.0
-0.3985 0.0
-0.398 0.0
-0.3975 0.0
-0.397 0.0
-0.3965 0.0
-0.396 0.0
-0.3955 0.0
-0.395 0.0
-0.3945 0.0
-0.394 0.0
-0.3935 0.0
-0.393 0.0
-0.3925 0.0
-0.392 0.0
-0.3915 0.0
-0.391 0.0
-0.3905 0.0
-0.39 0.0
-0.3895 0.0
-0.389 0.0
-0.3885 0.0
-0.388 0.0
-0.3875 0.0
-0.387 0.0
-0.3865 0.0
-0.386 0.0
-0.3855 0.0
-0.385 0.0
-0.3845 0.0
-0.384 0.0
-0.3835 0.0
-0.383 0.0
-0.3825 0.0
-0.382 0.0
-0.3815 0.0
-0.381 0.0
-0.3805 0.0
-0.38 0.0
-0.3795 0.0
-0.379 0.0
-0.3785 0.0
-0.378 0.0
-0.3775 0.0
-0.377 0.0
-0.3765 0.0
-0.376 0.0
-0.3755 0.0
-0.375 0.0
-0.3745 0.0
-0.374 0.0
-0.3735 0.0
-0.373 0.0
-0.3725 0.0
-0.372 0.0
-0.3715 0.0
-0.371 0.0
-0.3705 0.0
-0.37 0.0
-0.3695 0.0
-0.369 0.0
-0.3685 0.0
-0.368 0.0
-0.3675 0.0
-0.367 0.0
-0.3665 0.0
-0.366 0.0
-0.3655 0.0
-0.365 0.0
-0.3645 0.0
-0.364 0.0
-0.3635 0.0
-0.363 0.0
-0.3625 0.0
-0.362 0.0
-0.3615 0.0
-0.361 0.0
-0.3605 0.0
-0.36 0.0
-0.3595 0.0
-0.359 0.0
-0.3585 0.0
-0.358 0.0
-0.3575 0.0
-0.357 0.0
-0.3565 0.0
-0.356 0.0
-0.3555 0.0
-0.355 0.0
-0.3545 0.0
-0.354 0.0
-0.3535 0.0
-0.353 0.0
-0.3525 0.0
-0.352 0.0
-0.3515 0.0
-0.351 0.0
-0.3505 0.0
-0.35 0.0
-0.3495 0.0
-0.349 0.0
-0.3485 0.0
-0.348 0.0
-0.3475 0.0
-0.347 0.0
-0.3465 0.0
-0.346 0.0
-0.3455 0.0
-0.345 0.0
-0.3445 0.0
-0.344 0.0
-0.3435 0.0
-0.343 0.0
-0.3425 0.0
-0.342 0.0
-0.3415 0.0
-0.341 0.0
-0.3405 0.0
-0.34 0.0
-0.3395 0.0
-0.339 0.0
-0.3385 0.0
-0.338 0.0
-0.3375 0.0
-0.337 0.0
-0.3365 0.0
-0.336 0.0
-0.3355 0.0
-0.335 0.0
-0.3345 0.0
-0.334 0.0
-0.3335 0.0
-0.333 0.0
-0.3325 0.0
-0.332 0.0
-0.3315 0.0
-0.331 0.0
-0.3305 0.0
-0.33 0.0
-0.3295 0.0
-0.329 0.0
-0.3285 0.0
-0.328 0.0
-0.3275 0.0
-0.327 0.0
-0.3265 0.0
-0.326 0.0
-0.3255 0.0
-0.325 0.0
-0.3245 0.0
-0.324 0.0
-0.3235 0.0
-0.323 0.0
-0.3225 0.0
-0.322 0.0
-0.3215 0.0
-0.321 0.0
-0.3205 0.0
-0.32 0.0
-0.3195 0.0
-0.319 0.0
-0.3185 0.0
-0.318 0.0
-0.3175 0.0
-0.317 0.0
-0.3165 0.0
-0.316 0.0
-0.3155 0.0
-0.315 0.0
-0.3145 0.0
-0.314 0.0
-0.3135 0.0
-0.313 0.0
-0.3125 0.0
-0.312 0.0
-0.3115 0.0
-0.311 0.0
-0.3105 0.0
-0.31 0.0
-0.3095 0.0
-0.309 0.0
-0.3085 0.0
-0.308 0.0
-0.3075 0.0
-0.307 0.0
-0.3065 0.0
-0.306 0.0
-0.3055 0.0
-0.305 0.0
-0.3045 0.0
-0.304 0.0
-0.3035 0.0
-0.303 0.0
-0.3025 0.0
-0.302 0.0
-0.3015 0.0
-0.301 0.0
-0.3005 0.0
-0.3 0.0
-0.2995 0.0
-0.299 0.0
-0.2985 0.0
-0.298 0.0
-0.2975 0.0
-0.297 0.0
-0.2965 0.0
-0.296 0.0
-0.2955 0.0
-0.295 0.0
-0.2945 0.0
-0.294 0.0
-0.2935 0.0
-0.293 0.0
-0.2925 0.0
-0.292 0.0
-0.2915 0.0
-0.291 0.0
-0.2905 0.0
-0.29 0.0
-0.2895 0.0
-0.289 0.0
-0.2885 0.0
-0.288 0.0
-0.2875 0.0
-0.287 0.0
-0.2865 0.0
-0.286 0.0
-0.2855 0.0
-0.285 0.0
-0.2845 0.0
-0.284 0.0
-0.2835 0.0
-0.283 0.0
-0.2825 0.0
-0.282 0.0
-0.2815 0.0
-0.281 0.0
-0.2805 0.0
-0.28 0.0
-0.2795 0.0
-0.279 0.0
-0.2785 0.0
-0.278 0.0
-0.2775 0.0
-0.277 0.0
-0.2765 0.0
-0.276 0.0
-0.2755 0.0
-0.275 0.0
-0.2745 0.0
-0.274 0.0
-0.2735 0.0
-0.273 0.0
-0.2725 0.0
-0.272 0.0
-0.2715 0.0
-0.271 0.0
-0.2705 0.0
-0.27 0.0
-0.2695 0.0
-0.269 0.0
-0.2685 0.0
-0.268 0.0
-0.2675 0.0
-0.267 0.0
-0.2665 0.0
-0.266 0.0
-0.2655 0.0
-0.265 0.0
-0.2645 0.0
-0.264 0.0
-0.2635 0.0
-0.263 0.0
-0.2625 0.0
-0.262 0.0
-0.2615 0.0
-0.261 0.0
-0.2605 0.0
-0.26 0.0
-0.2595 0.0
-0.259 0.0
-0.2585 0.0
-0.258 0.0
-0.2575 0.0
-0.257 0.0
-0.2565 0.0
-0.256 0.0
-0.2555 0.0
-0.255 0.0
-0.2545 0.0
-0.254 0.0
-0.2535 0.0
-0.253 0.0
-0.2525 0.0
-0.252 0.0
-0.2515 0.0
-0.251 0.0
-0.2505 0.0
-0.25 0.0
-0.2495 0.0
-0.249 0.0
-0.2485 0.0
-0.248 0.0
-0.2475 0.0
-0.247 0.0
-0.2465 0.0
-0.246 0.0
-0.2455 0.0
-0.245 0.0
-0.2445 0.0
-0.244 0.0
-0.2435 0.0
-0.243 0.0
-0.2425 0.0
-0.242 0.0
-0.2415 0.0
-0.241 0.0
-0.2405 0.0
-0.24 0.0
-0.2395 0.0
-0.239 0.0
-0.2385 0.0
-0.238 0.0
-0.2375 0.0
-0.237 0.0
-0.2365 0.0
-0.236 0.0
-0.2355 0.0
-0.235 0.0
-0.2345 0.0
-0.234 0.0
-0.2335 0.0
-0.233 0.0
-0.2325 0.0
-0.232 0.0
-0.2315 0.0
-0.231 0.0
-0.2305 0.0
-0.23 0.0
-0.2295 0.0
-0.229 0.0
-0.2285 0.0
-0.228 0.0
-0.2275 0.0
-0.227 0.0
-0.2265 0.0
-0.226 0.0
-0.2255 0.0
-0.225 0.0
-0.2245 0.0
-0.224 0.0
-0.2235 0.0
-0.223 0.0
-0.2225 0.0
-0.222 0.0
-0.2215 0.0
-0.221 0.0
-0.2205 0.0
-0.22 0.0
-0.2195 0.0
-0.219 0.0
-0.2185 0.0
-0.218 0.0
-0.2175 0.0
-0.217 0.0
-0.2165 0.0
-0.216 0.0
-0.2155 0.0
-0.215 0.0
-0.2145 0.0
-0.214 0.0
-0.2135 0.0
-0.213 0.0
-0.2125 0.0
-0.212 0.0
-0.2115 0.0
-0.211 0.0
-0.2105 0.0
-0.21 0.0
-0.2095 0.0
-0.209 0.0
-0.2085 0.0
-0.208 0.0
-0.2075 0.0
-0.207 0.0
-0.2065 0.0
-0.206 0.0
-0.2055 0.0
-0.205 0.0
-0.2045 0.0
-0.204 0.0
-0.2035 0.0
-0.203 0.0
-0.2025 0.0
-0.202 0.0
-0.2015 0.0
-0.201 0.0
-0.2005 0.0
-0.2 0.0
-0.1995 0.0
-0.199 0.0
-0.1985 0.0
-0.198 0.0
-0.1975 0.0
-0.197 0.0
-0.1965 0.0
-0.196 0.0
-0.1955 0.0
-0.195 0.0
-0.1945 0.0
-0.194 0.0
-0.1935 0.0
-0.193 0.0
-0.1925 0.0
-0.192 0.0
-0.1915 0.0
-0.191 0.0
-0.1905 0.0
-0.19 0.0
-0.1895 0.0
-0.189 0.0
-0.1885 0.0
-0.188 0.0
-0.1875 0.0
-0.187 0.0
-0.1865 0.0
-0.186 0.0
-0.1855 0.0
-0.185 0.0
-0.1845 0.0
-0.184 0.0
-0.1835 0.0
-0.183 0.0
-0.1825 0.0
-0.182 0.0
-0.1815 0.0
-0.181 0.0
-0.1805 0.0
-0.18 0.0
-0.1795 0.0
-0.179 0.0
-0.1785 0.0
-0.178 0.0
-0.1775 0.0
-0.177 0.0
-0.1765 0.0
-0.176 0.0
-0.1755 0.0
-0.175 0.0
-0.1745 0.0
-0.174 0.0
-0.1735 0.0
-0.173 0.0
-0.1725 0.0
-0.172 0.0
-0.1715 0.0
-0.171 0.0
-0.1705 0.0
-0.17 0.0
-0.1695 0.0
-0.169 0.0
-0.1685 0.0
-0.168 0.0
-0.1675 0.0
-0.167 0.0
-0.1665 0.0
-0.166 0.0
-0.1655 0.0
-0.165 0.0
-0.1645 0.0
-0.164 0.0
-0.1635 0.0
-0.163 0.0
-0.1625 0.0
-0.162 0.0
-0.1615 0.0
-0.161 0.0
-0.1605 0.0
-0.16 0.0
-0.1595 0.0
-0.159 0.0
-0.1585 0.0
-0.158 0.0
-0.1575 0.0
-0.157 0.0
-0.1565 0.0
-0.156 0.0
-0.1555 0.0
-0.155 0.0
-0.1545 0.0
-0.154 0.0
-0.1535 0.0
-0.153 0.0
-0.1525 0.0
-0.152 0.0
-0.1515 0.0
-0.151 0.0
-0.1505 0.0
-0.15 0.0
-0.1495 0.0
-0.149 0.0
-0.1485 0.0
-0.148 0.0
-0.1475 0.0
-0.147 0.0
-0.1465 0.0
-0.146 0.0
-0.1455 0.0
-0.145 0.0
-0.1445 0.0
-0.144 0.0
-0.1435 0.0
-0.143 0.0
-0.1425 0.0
-0.142 0.0
-0.1415 0.0
-0.141 0.0
-0.1405 0.0
-0.14 0.0
-0.1395 0.0
-0.139 0.0
-0.1385 0.0
-0.138 0.0
-0.1375 0.0
-0.137 0.0
-0.1365 0.0
-0.136 0.0
-0.1355 0.0
-0.135 0.0
-0.1345 0.0
-0.134 0.0
-0.1335 0.0
-0.133 0.0
-0.1325 0.0
-0.132 0.0
-0.1315 0.0
-0.131 0.0
-0.1305 0.0
-0.13 0.0
-0.1295 0.0
-0.129 0.0
-0.1285 0.0
-0.128 0.0
-0.1275 0.0
-0.127 0.0
-0.1265 0.0
-0.126 0.0
-0.1255 0.0
-0.125 0.0
-0.1245 0.0
-0.124 0.0
-0.1235 0.0
-0.123 0.0
-0.1225 0.0
-0.122 0.0
-0.1215 0.0
-0.121 0.0
-0.1205 0.0
-0.12 0.0
-0.1195 0.0
-0.119 0.0
-0.1185 0.0
-0.118 0.0
-0.1175 0.0
-0.117 0.0
-0.1165 0.0
-0.116 0.0
-0.1155 0.0
-0.115 0.0
-0.1145 0.0
-0.114 0.0
-0.1135 0.0
-0.113 0.0
-0.1125 0.0
-0.112 0.0
-0.1115 0.0
-0.111 0.0
-0.1105 0.0
-0.11 0.0
-0.1095 0.0
-0.109 0.0
-0.1085 0.0
-0.108 0.0
-0.1075 0.0
-0.107 0.0
-0.1065 0.0
-0.106 0.0
-0.1055 0.0
-0.105 0.0
-0.1045 0.0
-0.104 0.0
-0.1035 0.0
-0.103 0.0
-0.1025 0.0
-0.102 0.0
-0.1015 0.0
-0.101 0.0
-0.1005 0.0
-0.0999999999999 0.0
-0.0994999999999 0.0
-0.0989999999999 0.0
-0.0984999999999 0.0
-0.0979999999999 0.0
-0.0974999999999 0.0
-0.0969999999999 0.0
-0.0964999999999 0.0
-0.0959999999999 0.0
-0.0954999999999 0.0
-0.0949999999999 0.0
-0.0944999999999 0.0
-0.0939999999999 0.0
-0.0934999999999 0.0
-0.0929999999999 0.0
-0.0924999999999 0.0
-0.0919999999999 0.0
-0.0914999999999 0.0
-0.0909999999999 0.0
-0.0904999999999 0.0
-0.0899999999999 0.0
-0.0894999999999 0.0
-0.0889999999999 0.0
-0.0884999999999 0.0
-0.0879999999999 0.0
-0.0874999999999 0.0
-0.0869999999999 0.0
-0.0864999999999 0.0
-0.0859999999999 0.0
-0.0854999999999 0.0
-0.0849999999999 0.0
-0.0844999999999 0.0
-0.0839999999999 0.0
-0.0834999999999 0.0
-0.0829999999999 0.0
-0.0824999999999 0.0
-0.0819999999999 0.0
-0.0814999999999 0.0
-0.0809999999999 0.0
-0.0804999999999 0.0
-0.0799999999999 0.0
-0.0794999999999 0.0
-0.0789999999999 0.0
-0.0784999999999 0.0
-0.0779999999999 0.0
-0.0774999999999 0.0
-0.0769999999999 0.0
-0.0764999999999 0.0
-0.0759999999999 0.0
-0.0754999999999 0.0
-0.0749999999999 0.0
-0.0744999999999 0.0
-0.0739999999999 0.0
-0.0734999999999 0.0
-0.0729999999999 0.0
-0.0724999999999 0.0
-0.0719999999999 0.0
-0.0714999999999 0.0
-0.0709999999999 0.0
-0.0704999999999 0.0
-0.0699999999999 0.0
-0.0694999999999 0.0
-0.0689999999999 0.0
-0.0684999999999 0.0
-0.0679999999999 0.0
-0.0674999999999 0.0
-0.0669999999999 0.0
-0.0664999999999 0.0
-0.0659999999999 0.0
-0.0654999999999 0.0
-0.0649999999999 0.0
-0.0644999999999 0.0
-0.0639999999999 0.0
-0.0634999999999 0.0
-0.0629999999999 0.0
-0.0624999999999 0.0
-0.0619999999999 0.0
-0.0614999999999 0.0
-0.0609999999999 0.0
-0.0604999999999 0.0
-0.0599999999999 0.0
-0.0594999999999 0.0
-0.0589999999999 0.0
-0.0584999999999 0.0
-0.0579999999999 0.0
-0.0574999999999 0.0
-0.0569999999999 0.0
-0.0564999999999 0.0
-0.0559999999999 0.0
-0.0554999999999 0.0
-0.0549999999999 0.0
-0.0544999999999 0.0
-0.0539999999999 0.0
-0.0534999999999 0.0
-0.0529999999999 0.0
-0.0524999999999 0.0
-0.0519999999999 0.0
-0.0514999999999 0.0
-0.0509999999999 0.0
-0.0504999999999 0.0
-0.0499999999999 0.0
-0.0494999999999 0.0
-0.0489999999999 0.0
-0.0484999999999 0.0
-0.0479999999999 0.0
-0.0474999999999 0.0
-0.0469999999999 0.0
-0.0464999999999 0.0
-0.0459999999999 0.0
-0.0454999999999 0.0
-0.0449999999999 0.0
-0.0444999999999 0.0
-0.0439999999999 0.0
-0.0434999999999 0.0
-0.0429999999999 0.0
-0.0424999999999 0.0
-0.0419999999999 0.0
-0.0414999999999 0.0
-0.0409999999999 0.0
-0.0404999999999 0.0
-0.0399999999999 0.0
-0.0394999999999 0.0
-0.0389999999999 0.0
-0.0384999999999 0.0
-0.0379999999999 0.0
-0.0374999999999 0.0
-0.0369999999999 0.0
-0.0364999999999 0.0
-0.0359999999999 0.0
-0.0354999999999 0.0
-0.0349999999999 0.0
-0.0344999999999 0.0
-0.0339999999999 0.0
-0.0334999999999 0.0
-0.0329999999999 0.0
-0.0324999999999 0.0
-0.0319999999999 0.0
-0.0314999999999 0.0
-0.0309999999999 0.0
-0.0304999999999 0.0
-0.0299999999999 0.0
-0.0294999999999 0.0
-0.0289999999999 0.0
-0.0284999999999 0.0
-0.0279999999999 0.0
-0.0274999999999 0.0
-0.0269999999999 0.0
-0.0264999999999 0.0
-0.0259999999999 0.0
-0.0254999999999 0.0
-0.0249999999999 0.0
-0.0244999999999 0.0
-0.0239999999999 0.0
-0.0234999999999 0.0
-0.0229999999999 0.0
-0.0224999999999 0.0
-0.0219999999999 0.0
-0.0214999999999 0.0
-0.0209999999999 0.0
-0.0204999999999 0.0
-0.0199999999999 0.0
-0.0194999999999 0.0
-0.0189999999999 0.0
-0.0184999999999 0.0
-0.0179999999999 0.0
-0.0174999999999 0.0
-0.0169999999999 0.0
-0.0164999999999 0.0
-0.0159999999999 0.0
-0.0154999999999 0.0
-0.0149999999999 0.0
-0.0144999999999 0.0
-0.0139999999999 0.0
-0.0134999999999 0.0
-0.0129999999999 0.0
-0.0124999999999 0.0
-0.0119999999999 0.0
-0.0114999999999 0.0
-0.0109999999999 0.0
-0.0104999999999 0.0
-0.00999999999991 0.0
-0.00949999999991 0.0
-0.00899999999991 0.0
-0.00849999999991 0.0
-0.00799999999991 0.0
-0.00749999999991 0.0
-0.00699999999991 0.0
-0.00649999999991 0.0
-0.00599999999991 0.0
-0.00549999999991 0.0
-0.00499999999991 0.0
-0.00449999999991 0.0
-0.00399999999991 0.0
-0.00349999999991 0.0
-0.00299999999991 0.0
-0.00249999999991 0.0
-0.00199999999991 0.0
-0.00149999999991 0.0
-0.000999999999911 0.0
-0.000499999999911 483.865702012
8.94466792301e-14 940.435592888
0.00050000000009 598.626637354
0.00100000000009 239.650120646
0.00150000000009 63.6791634663
0.00200000000009 -35.2954586872
0.00250000000009 1.81847913046
0.00300000000009 16.5894592289
0.00350000000009 31.3649751017
0.00400000000009 35.4592676035
0.00450000000009 34.7302799014
0.00500000000009 34.0604639312
0.00550000000009 34.1498045376
0.00600000000009 33.772145317
0.00650000000009 36.6073363925
0.00700000000009 36.9112298671
0.00750000000009 36.0702373183
0.00800000000009 37.0971579866
0.00850000000009 34.8273719712
0.00900000000009 37.1333069546
0.00950000000009 -507.427793447
0.0100000000001 -966.572808076
0.0105000000001 -660.284239681
0.0110000000001 -350.632992868
0.0115000000001 -170.670776997
0.0120000000001 -54.1279821267
0.0125000000001 -14.8042964646
0.0130000000001 -1.89896709833
0.0135000000001 0.0526218083334
0.0140000000001 0.046232229773
0.0145000000001 0.0425981692576
0.0150000000001 0.0437940720822
0.0155000000001 269.835187268
0.0160000000001 340.173699293
0.0165000000001 102.089194982
0.0170000000001 51.0504415784
0.0175000000001 26.7106543904
0.0180000000001 11.0794405068
0.0185000000001 5.61438731186
0.0190000000001 2.42380468972
0.0195000000001 1.57220669121
0.0200000000001 0.779489269252
0.0205000000001 0.213366874518
0.0210000000001 -0.450728132957
0.0215000000001 -1.72359383728
0.0220000000001 -1.9993968902
0.0225000000001 -2.22684174352
0.0230000000001 -2.61371293602
0.0235000000001 -3.29573184421
0.0240000000001 -3.65786577857
0.0245000000001 -4.11471768074
0.0250000000001 -4.5958058481
0.0255000000001 -4.75237210995
0.0260000000001 -5.18385961803
0.0265000000001 -5.69594386822
0.0270000000001 -5.66730919901
0.0275000000001 -5.87035527344
0.0280000000001 -6.37028763827
0.0285000000001 -6.46673651435
0.0290000000001 -7.17482205743
0.0295000000001 -7.45911876612
0.0300000000001 -7.18911513188
0.0305000000001 -7.8565770339
0.0310000000001 -8.24150313505
0.0315000000001 -7.81302032213
0.0320000000001 -8.27658528264
0.0325000000001 -8.88272280183
0.0330000000001 -8.62233397251
0.0335000000001 -8.84964131552
0.0340000000001 -9.1715643873
0.0345000000001 -9.07650795773
0.0350000000001 -8.91797433039
0.0355000000001 -9.42174774138
0.0360000000001 -9.75966016202
0.0365000000001 -9.07444887546
0.0370000000001 -9.64130797071
0.0375000000001 -10.6229402361
0.0380000000001 -10.8951964896
0.0385000000001 -11.2343393964
0.0390000000001 -11.745363749
0.0395000000001 -32.6102574092
0.0400000000001 -43.0584290901
0.0405000000001 -30.2444463356
0.0410000000001 -25.8958632711
0.0415000000001 -21.2498107827
0.0420000000001 -16.6240904503
0.0425000000001 -14.5646457434
0.0430000000001 -11.4344780398
0.0435000000001 -10.5313554816
0.0440000000001 -11.9597004734
0.0445000000001 -10.0258126762
0.0450000000001 -9.12826081214
0.0455000000001 -8.8128808609
0.0460000000001 -8.35566658148
0.0465000000001 -8.07607646617
0.0470000000001 -6.48756825262
0.0475000000001 -5.62632867837
0.0480000000001 -5.45068149529
0.0485000000001 -5.70115157633
0.0490000000001 -6.25761564159
0.0495000000001 -5.52196663324
0.0500000000001 -4.17048325583
0.0505000000001 -4.49592026477
0.0510000000001 -4.53965383152
0.0515000000001 -4.34980240681
0.0520000000001 -4.44173293566
0.0525000000001 -3.78381387803
0.0530000000001 -3.3316764403
0.0535000000001 -3.03480612529
0.0540000000001 -3.003702045
0.0545000000001 -3.10942795474
0.0550000000001 -2.72350970657
0.0555000000001 -2.40616972904
0.0560000000001 -2.37200593436
0.0565000000001 -2.37629550824
0.0570000000001 -1.99228429327
0.0575000000001 -1.62763324814
0.0580000000001 -1.04064144417
0.0585000000001 -0.495082066394
0.0590000000001 0.26558134811
0.0595000000001 0.462670325156
0.0600000000001 -0.469436247355
0.0605000000001 -1.15514875406
0.0610000000001 -1.70302694361
0.0615000000001 -2.15600390912
0.0620000000001 -2.13581789362
0.0625000000001 -2.07520388531
0.0630000000001 -2.04210632465
0.0635000000001 -1.96673559349
0.0640000000001 -1.98839939887
0.0645000000001 -2.11955569576
0.0650000000001 -2.18235671421
0.0655000000001 -2.28759064368
0.0660000000001 -2.12009859375
0.0665000000001 -2.03859579265
0.0670000000001 -2.2053078969
0.0675000000001 -2.15620827791
0.0680000000001 -2.03011246027
0.0685000000001 -2.08225618614
0.0690000000001 -2.01739460261
0.0695000000001 -1.73655802988
0.0700000000001 -1.88698469716
0.0705000000001 -1.96681664382
0.0710000000001 -1.85903194024
0.0715000000001 -1.95905370692
0.0720000000001 -1.92144091925
0.0725000000001 -1.86280135387
0.0730000000001 -1.88626549443
0.0735000000001 -1.6873146034
0.0740000000001 -1.74093032063
0.0745000000001 -1.8438368908
0.0750000000001 -1.77230327511
0.0755000000001 -1.58484147823
0.0760000000001 -1.6012682199
0.0765000000001 -1.76715352034
0.0770000000001 -1.56520857203
0.0775000000001 -1.46175210484
0.0780000000001 -1.67094929042
0.0785000000001 -1.72688101569
0.0790000000001 -1.56206959728
0.0795000000001 -1.4377290199
0.0800000000001 -1.49956847972
0.0805000000001 -1.49187213731
0.0810000000001 -1.44584645488
0.0815000000001 -1.56150230847
0.0820000000001 -1.51756363924
0.0825000000001 -1.43969608498
0.0830000000001 -1.40793767301
0.0835000000001 -1.41257778982
0.0840000000001 -1.2429546245
0.0845000000001 -1.29678453494
0.0850000000001 -1.29001073266
0.0855000000001 -1.22413271379
0.0860000000001 -1.36990333146
0.0865000000001 -1.33038441939
0.0870000000001 -1.28641417179
0.0875000000001 -1.21197821423
0.0880000000001 -1.24242708081
0.0885000000001 -1.20976518591
0.0890000000001 -1.10822985276
0.0895000000001 -1.14312945884
0.0900000000001 -1.22755558308
0.0905000000001 -1.18239784661
0.0910000000001 -1.14168570675
0.0915000000001 -1.11726909727
0.0920000000001 -1.20327932963
0.0925000000001 -1.1231643396
0.0930000000001 -1.04915908474
0.0935000000001 -1.17103685817
0.0940000000001 -1.04528963308
0.0945000000001 -1.03006158669
0.0950000000001 -1.03088195519
0.0955000000001 -1.07772122816
0.0960000000001 -1.0601864433
0.0965000000001 -0.872520252367
0.0970000000001 -0.865906625146
0.0975000000001 -0.910279801822
0.0980000000001 -1.05337842465
0.0985000000001 -1.11862337528
0.0990000000001 -0.943857149322
0.0995000000001 -8.30909391494
0.1 -21.836958144
0.1005 -26.4046648568
0.101 -20.3552836304
0.1015 -10.6307669952
0.102 -3.41579469742
0.1025 -0.723267166416
0.103 0.0
0.1035 0.0
0.104 0.0
0.1045 0.0
0.105 0.0
0.1055 0.0
0.106 0.0
0.1065 0.0
0.107 0.0
0.1075 0.0
0.108 0.0
0.1085 0.0
0.109 0.0
0.1095 0.0
0.11 0.0
0.1105 0.0
0.111 0.0
0.1115 0.0
0.112 0.0
0.1125 0.0
0.113 0.0
0.1135 0.0
0.114 0.0
0.1145 0.0
0.115 0.0
0.1155 0.0
0.116 0.0
0.1165 0.0
0.117 0.0
0.1175 0.0
0.118 0.0
0.1185 0.0
0.119 0.0
0.1195 0.0
0.12 0.0
0.1205 0.0
0.121 0.0
0.1215 0.0
0.122 0.0
0.1225 0.0
0.123 0.0
0.1235 0.0
0.124 0.0
0.1245 0.0
0.125 0.0
0.1255 0.0
0.126 0.0
0.1265 0.0
0.127 0.0
0.1275 0.0
0.128 0.0
0.1285 0.0
0.129 0.0
0.1295 0.0
0.13 0.0
0.1305 0.0
0.131 0.0
0.1315 0.0
0.132 0.0
0.1325 0.0
0.133 0.0
0.1335 0.0
0.134 0.0
0.1345 0.0
0.135 0.0
0.1355 0.0
0.136 0.0
0.1365 0.0
0.137 0.0
0.1375 0.0
0.138 0.0
0.1385 0.0
0.139 0.0
0.1395 0.0
0.14 0.0
0.1405 0.0
0.141 0.0
0.1415 0.0
0.142 0.0
0.1425 0.0
0.143 0.0
0.1435 0.0
0.144 0.0
0.1445 0.0
0.145 0.0
0.1455 0.0
0.146 0.0
0.1465 0.0
0.147 0.0
0.1475 0.0
0.148 0.0
0.1485 0.0
0.149 0.0
0.1495 0.0
0.15 0.0
0.1505 0.0
0.151 0.0
0.1515 0.0
0.152 0.0
0.1525 0.0
0.153 0.0
0.1535 0.0
0.154 0.0
0.1545 0.0
0.155 0.0
0.1555 0.0
0.156 0.0
0.1565 0.0
0.157 0.0
0.1575 0.0
0.158 0.0
0.1585 0.0
0.159 0.0
0.1595 0.0
0.16 0.0
0.1605 0.0
0.161 0.0
0.1615 0.0
0.162 0.0
0.1625 0.0
0.163 0.0
0.1635 0.0
0.164 0.0
0.1645 0.0
0.165 0.0
0.1655 0.0
0.166 0.0
0.1665 0.0
0.167 0.0
0.1675 0.0
0.168 0.0
0.1685 0.0
0.169 0.0
0.1695 0.0
0.17 0.0
0.1705 0.0
0.171 0.0
0.1715 0.0
0.172 0.0
0.1725 0.0
0.173 0.0
0.1735 0.0
0.174 0.0
0.1745 0.0
0.175 0.0
0.1755 0.0
0.176 0.0
0.1765 0.0
0.177 0.0
0.1775 0.0
0.178 0.0
0.1785 0.0
0.179 0.0
0.1795 0.0
0.18 0.0
0.1805 0.0
0.181 0.0
0.1815 0.0
0.182 0.0
0.1825 0.0
0.183 0.0
0.1835 0.0
0.184 0.0
0.1845 0.0
0.185 0.0
0.1855 0.0
0.186 0.0
0.1865 0.0
0.187 0.0
0.1875 0.0
0.188 0.0
0.1885 0.0
0.189 0.0
0.1895 0.0
0.19 0.0
0.1905 0.0
0.191 0.0
0.1915 0.0
0.192 0.0
0.1925 0.0
0.193 0.0
0.1935 0.0
0.194 0.0
0.1945 0.0
0.195 0.0
0.1955 0.0
0.196 0.0
0.1965 0.0
0.197 0.0
0.1975 0.0
0.198 0.0
0.1985 0.0
