# (t in s) (c0 tau in cm) (p(tau) in MPa) (p(tau) in arb. units)
0.0 -1.2 0.0 0.0
2e-08 -1.197 0.0 0.0
4e-08 -1.194 0.0 0.0
6e-08 -1.191 0.0 0.0
8e-08 -1.188 0.0 0.0
1e-07 -1.185 0.0 0.0
1.2e-07 -1.182 0.0 0.0
1.4e-07 -1.179 0.0 0.0
1.6e-07 -1.176 0.0 0.0
1.8e-07 -1.173 0.0 0.0
2e-07 -1.17 0.0 0.0
2.2e-07 -1.167 0.0 0.0
2.4e-07 -1.164 0.0 0.0
2.6e-07 -1.161 0.0 0.0
2.8e-07 -1.158 0.0 0.0
3e-07 -1.155 0.0 0.0
3.2e-07 -1.152 0.0 0.0
3.4e-07 -1.149 0.0 0.0
3.6e-07 -1.146 0.0 0.0
3.8e-07 -1.143 0.0 0.0
4e-07 -1.14 0.0 0.0
4.2e-07 -1.137 0.0 0.0
4.4e-07 -1.134 0.0 0.0
4.6e-07 -1.131 0.0 0.0
4.8e-07 -1.128 0.0 0.0
5e-07 -1.125 0.0 0.0
5.2e-07 -1.122 0.0 0.0
5.4e-07 -1.119 0.0 0.0
5.6e-07 -1.116 0.0 0.0
5.8e-07 -1.113 0.0 0.0
6e-07 -1.11 0.0 0.0
6.2e-07 -1.107 0.0 0.0
6.4e-07 -1.104 0.0 0.0
6.6e-07 -1.101 0.0 0.0
6.8e-07 -1.098 0.0 0.0
7e-07 -1.095 0.0 0.0
7.2e-07 -1.092 0.0 0.0
7.4e-07 -1.089 0.0 0.0
7.6e-07 -1.086 0.0 0.0
7.8e-07 -1.083 0.0 0.0
8e-07 -1.08 0.0 0.0
8.2e-07 -1.077 0.0 0.0
8.4e-07 -1.074 0.0 0.0
8.6e-07 -1.071 0.0 0.0
8.8e-07 -1.068 0.0 0.0
9e-07 -1.065 0.0 0.0
9.2e-07 -1.062 0.0 0.0
9.4e-07 -1.059 0.0 0.0
9.6e-07 -1.056 0.0 0.0
9.8e-07 -1.053 0.0 0.0
1e-06 -1.05 0.0 0.0
1.02e-06 -1.047 0.0 0.0
1.04e-06 -1.044 0.0 0.0
1.06e-06 -1.041 0.0 0.0
1.08e-06 -1.038 0.0 0.0
1.1e-06 -1.035 0.0 0.0
1.12e-06 -1.032 0.0 0.0
1.14e-06 -1.029 0.0 0.0
1.16e-06 -1.026 0.0 0.0
1.18e-06 -1.023 0.0 0.0
1.2e-06 -1.02 0.0 0.0
1.22e-06 -1.017 0.0 0.0
1.24e-06 -1.014 0.0 0.0
1.26e-06 -1.011 0.0 0.0
1.28e-06 -1.008 0.0 0.0
1.3e-06 -1.005 0.0 0.0
1.32e-06 -1.002 0.0 0.0
1.34e-06 -0.999 0.0 0.0
1.36e-06 -0.996 0.0 0.0
1.38e-06 -0.993 0.0 0.0
1.4e-06 -0.99 0.0 0.0
1.42e-06 -0.987 0.0 0.0
1.44e-06 -0.984 0.0 0.0
1.46e-06 -0.981 0.0 0.0
1.48e-06 -0.978 0.0 0.0
1.5e-06 -0.975 0.0 0.0
1.52e-06 -0.972 0.0 0.0
1.54e-06 -0.969 0.0 0.0
1.56e-06 -0.966 0.0 0.0
1.58e-06 -0.963 0.0 0.0
1.6e-06 -0.96 0.0 0.0
1.62e-06 -0.957 0.0 0.0
1.64e-06 -0.954 0.0 0.0
1.66e-06 -0.951 0.0 0.0
1.68e-06 -0.948 0.0 0.0
1.7e-06 -0.945 0.0 0.0
1.72e-06 -0.942 0.0 0.0
1.74e-06 -0.939 0.0 0.0
1.76e-06 -0.936 0.0 0.0
1.78e-06 -0.933 0.0 0.0
1.8e-06 -0.93 0.0 0.0
1.82e-06 -0.927 0.0 0.0
1.84e-06 -0.924 0.0 0.0
1.86e-06 -0.921 0.0 0.0
1.88e-06 -0.918 0.0 0.0
1.9e-06 -0.915 0.0 0.0
1.92e-06 -0.912 0.0 0.0
1.94e-06 -0.909 0.0 0.0
1.96e-06 -0.906 0.0 0.0
1.98e-06 -0.903 0.0 0.0
2e-06 -0.9 0.0 0.0
2.02e-06 -0.897 0.0 0.0
2.04e-06 -0.894 0.0 0.0
2.06e-06 -0.891 0.0 0.0
2.08e-06 -0.888 0.0 0.0
2.1e-06 -0.885 0.0 0.0
2.12e-06 -0.882 0.0 0.0
2.14e-06 -0.879 0.0 0.0
2.16e-06 -0.876 0.0 0.0
2.18e-06 -0.873 0.0 0.0
2.2e-06 -0.87 0.0 0.0
2.22e-06 -0.867 0.0 0.0
2.24e-06 -0.864 0.0 0.0
2.26e-06 -0.861 0.0 0.0
2.28e-06 -0.858 0.0 0.0
2.3e-06 -0.855 0.0 0.0
2.32e-06 -0.852 0.0 0.0
2.34e-06 -0.849 0.0 0.0
2.36e-06 -0.846 0.0 0.0
2.38e-06 -0.843 0.0 0.0
2.4e-06 -0.84 0.0 0.0
2.42e-06 -0.837 0.0 0.0
2.44e-06 -0.834 0.0 0.0
2.46e-06 -0.831 0.0 0.0
2.48e-06 -0.828 0.0 0.0
2.5e-06 -0.825 0.0 0.0
2.52e-06 -0.822 0.0 0.0
2.54e-06 -0.819 0.0 0.0
2.56e-06 -0.816 0.0 0.0
2.58e-06 -0.813 0.0 0.0
2.6e-06 -0.81 0.0 0.0
2.62e-06 -0.807 0.0 0.0
2.64e-06 -0.804 0.0 0.0
2.66e-06 -0.801 0.0 0.0
2.68e-06 -0.798 0.0 0.0
2.7e-06 -0.795 0.0 0.0
2.72e-06 -0.792 0.0 0.0
2.74e-06 -0.789 0.0 0.0
2.76e-06 -0.786 0.0 0.0
2.78e-06 -0.783 0.0 0.0
2.8e-06 -0.78 0.0 0.0
2.82e-06 -0.777 0.0 0.0
2.84e-06 -0.774 0.0 0.0
2.86e-06 -0.771 0.0 0.0
2.88e-06 -0.768 0.0 0.0
2.9e-06 -0.765 0.0 0.0
2.92e-06 -0.762 0.0 0.0
2.94e-06 -0.759 0.0 0.0
2.96e-06 -0.756 0.0 0.0
2.98e-06 -0.753 0.0 0.0
3e-06 -0.75 0.0 0.0
3.02e-06 -0.747 0.0 0.0
3.04e-06 -0.744 0.0 0.0
3.06e-06 -0.741 0.0 0.0
3.08e-06 -0.738 0.0 0.0
3.1e-06 -0.735 0.0 0.0
3.12e-06 -0.732 0.0 0.0
3.14e-06 -0.729 0.0 0.0
3.16e-06 -0.726 0.0 0.0
3.18e-06 -0.723 0.0 0.0
3.2e-06 -0.72 0.0 0.0
3.22e-06 -0.717 0.0 0.0
3.24e-06 -0.714 0.0 0.0
3.26e-06 -0.711 0.0 0.0
3.28e-06 -0.708 0.0 0.0
3.3e-06 -0.705 0.0 0.0
3.32e-06 -0.702 0.0 0.0
3.34e-06 -0.699 0.0 0.0
3.36e-06 -0.696 0.0 0.0
3.38e-06 -0.693 0.0 0.0
3.4e-06 -0.69 0.0 0.0
3.42e-06 -0.687 0.0 0.0
3.44e-06 -0.684 0.0 0.0
3.46e-06 -0.681 0.0 0.0
3.48e-06 -0.678 0.0 0.0
3.5e-06 -0.675 0.0 0.0
3.52e-06 -0.672 0.0 0.0
3.54e-06 -0.669 0.0 0.0
3.56e-06 -0.666 0.0 0.0
3.58e-06 -0.663 0.0 0.0
3.6e-06 -0.66 0.0 0.0
3.62e-06 -0.657 0.0 0.0
3.64e-06 -0.654 0.0 0.0
3.66e-06 -0.651 0.0 0.0
3.68e-06 -0.648 0.0 0.0
3.7e-06 -0.645 0.0 0.0
3.72e-06 -0.642 0.0 0.0
3.74e-06 -0.639 0.0 0.0
3.76e-06 -0.636 0.0 0.0
3.78e-06 -0.633 0.0 0.0
3.8e-06 -0.63 0.0 0.0
3.82e-06 -0.627 0.0 0.0
3.84e-06 -0.624 0.0 0.0
3.86e-06 -0.621 0.0 0.0
3.88e-06 -0.618 0.0 0.0
3.9e-06 -0.615 0.0 0.0
3.92e-06 -0.612 0.0 0.0
3.94e-06 -0.609 0.0 0.0
3.96e-06 -0.606 0.0 0.0
3.98e-06 -0.603 0.0 0.0
4e-06 -0.6 0.0 0.0
4.02e-06 -0.597 0.0 0.0
4.04e-06 -0.594 0.0 0.0
4.06e-06 -0.591 0.0 0.0
4.08e-06 -0.588 0.0 0.0
4.1e-06 -0.585 0.0 0.0
4.12e-06 -0.582 0.0 0.0
4.14e-06 -0.579 0.0 0.0
4.16e-06 -0.576 0.0 0.0
4.18e-06 -0.573 0.0 0.0
4.2e-06 -0.57 0.0 0.0
4.22e-06 -0.567 0.0 0.0
4.24e-06 -0.564 0.0 0.0
4.26e-06 -0.561 0.0 0.0
4.28e-06 -0.558 0.0 0.0
4.3e-06 -0.555 0.0 0.0
4.32e-06 -0.552 0.0 0.0
4.34e-06 -0.549 0.0 0.0
4.36e-06 -0.546 0.0 0.0
4.38e-06 -0.543 0.0 0.0
4.4e-06 -0.54 0.0 0.0
4.42e-06 -0.537 0.0 0.0
4.44e-06 -0.534 0.0 0.0
4.46e-06 -0.531 0.0 0.0
4.48e-06 -0.528 0.0 0.0
4.5e-06 -0.525 0.0 0.0
4.52e-06 -0.522 0.0 0.0
4.54e-06 -0.519 0.0 0.0
4.56e-06 -0.516 0.0 0.0
4.58e-06 -0.513 0.0 0.0
4.6e-06 -0.51 0.0 0.0
4.62e-06 -0.507 0.0 0.0
4.64e-06 -0.504 0.0 0.0
4.66e-06 -0.501 0.0 0.0
4.68e-06 -0.498 0.0 0.0
4.7e-06 -0.495 0.0 0.0
4.72e-06 -0.492 0.0 0.0
4.74e-06 -0.489 0.0 0.0
4.76e-06 -0.486 0.0 0.0
4.78e-06 -0.483 0.0 0.0
4.8e-06 -0.48 0.0 0.0
4.82e-06 -0.477 0.0 0.0
4.84e-06 -0.474 0.0 0.0
4.86e-06 -0.471 0.0 0.0
4.88e-06 -0.468 0.0 0.0
4.9e-06 -0.465 0.0 0.0
4.92e-06 -0.462 0.0 0.0
4.94e-06 -0.459 0.0 0.0
4.96e-06 -0.456 0.0 0.0
4.98e-06 -0.453 0.0 0.0
5e-06 -0.45 0.0 0.0
5.02e-06 -0.447 0.0 0.0
5.04e-06 -0.444 0.0 0.0
5.06e-06 -0.441 0.0 0.0
5.08e-06 -0.438 0.0 0.0
5.1e-06 -0.435 0.0 0.0
5.12e-06 -0.432 0.0 0.0
5.14e-06 -0.429 0.0 0.0
5.16e-06 -0.426 0.0 0.0
5.18e-06 -0.423 0.0 0.0
5.2e-06 -0.42 0.0 0.0
5.22e-06 -0.417 0.0 0.0
5.24e-06 -0.414 0.0 0.0
5.26e-06 -0.411 0.0 0.0
5.28e-06 -0.408 0.0 0.0
5.3e-06 -0.405 0.0 0.0
5.32e-06 -0.402 0.0 0.0
5.34e-06 -0.399 0.0 0.0
5.36e-06 -0.396 0.0 0.0
5.38e-06 -0.393 0.0 0.0
5.4e-06 -0.39 0.0 0.0
5.42e-06 -0.387 0.0 0.0
5.44e-06 -0.384 0.0 0.0
5.46e-06 -0.381 0.0 0.0
5.48e-06 -0.378 0.0 0.0
5.5e-06 -0.375 0.0 0.0
5.52e-06 -0.372 0.0 0.0
5.54e-06 -0.369 0.0 0.0
5.56e-06 -0.366 0.0 0.0
5.58e-06 -0.363 0.0 0.0
5.6e-06 -0.36 0.0 0.0
5.62e-06 -0.357 0.0 0.0
5.64e-06 -0.354 0.0 0.0
5.66e-06 -0.351 0.0 0.0
5.68e-06 -0.348 0.0 0.0
5.7e-06 -0.345 0.0 0.0
5.72e-06 -0.342 0.0 0.0
5.74e-06 -0.339 0.0 0.0
5.76e-06 -0.336 0.0 0.0
5.78e-06 -0.333 0.0 0.0
5.8e-06 -0.33 0.0 0.0
5.82e-06 -0.327 0.0 0.0
5.84e-06 -0.324 0.0 0.0
5.86e-06 -0.321 0.0 0.0
5.88e-06 -0.318 0.0 0.0
5.9e-06 -0.315 0.0 0.0
5.92e-06 -0.312 0.0 0.0
5.94e-06 -0.309 0.0 0.0
5.96e-06 -0.306 0.0 0.0
5.98e-06 -0.303 0.0 0.0
6e-06 -0.3 0.0 0.0
6.02e-06 -0.297 0.0 0.0
6.04e-06 -0.294 0.0 0.0
6.06e-06 -0.291 0.0 0.0
6.08e-06 -0.288 0.0 0.0
6.1e-06 -0.285 0.0 0.0
6.12e-06 -0.282 0.0 0.0
6.14e-06 -0.279 0.0 0.0
6.16e-06 -0.276 0.0 0.0
6.18e-06 -0.273 0.0 0.0
6.2e-06 -0.27 0.0 0.0
6.22e-06 -0.267 0.0 0.0
6.24e-06 -0.264 0.0 0.0
6.26e-06 -0.261 0.0 0.0
6.28e-06 -0.258 0.0 0.0
6.3e-06 -0.255 0.0 0.0
6.32e-06 -0.252 0.0 0.0
6.34e-06 -0.249 0.0 0.0
6.36e-06 -0.246 0.0 0.0
6.38e-06 -0.243 0.0 0.0
6.4e-06 -0.24 0.0 0.0
6.42e-06 -0.237 0.0 0.0
6.44e-06 -0.234 0.0 0.0
6.46e-06 -0.231 0.0 0.0
6.48e-06 -0.228 0.0 0.0
6.5e-06 -0.225 0.0 0.0
6.52e-06 -0.222 0.0 0.0
6.54e-06 -0.219 0.0 0.0
6.56e-06 -0.216 0.0 0.0
6.58e-06 -0.213 0.0 0.0
6.6e-06 -0.21 0.0 0.0
6.62e-06 -0.207 0.0 0.0
6.64e-06 -0.204 0.0 0.0
6.66e-06 -0.201 0.0 0.0
6.68e-06 -0.198 0.0 0.0
6.7e-06 -0.195 0.0 0.0
6.72e-06 -0.192 0.0 0.0
6.74e-06 -0.189 0.0 0.0
6.76e-06 -0.186 0.0 0.0
6.78e-06 -0.183 0.0 0.0
6.8e-06 -0.18 0.0 0.0
6.82e-06 -0.177 0.0 0.0
6.84e-06 -0.174 0.0 0.0
6.86e-06 -0.171 0.0 0.0
6.88e-06 -0.168 0.0 0.0
6.9e-06 -0.165 0.0 0.0
6.92e-06 -0.162 0.0 0.0
6.94e-06 -0.159 0.0 0.0
6.96e-06 -0.156 0.0 0.0
6.98e-06 -0.153 0.0 0.0
7e-06 -0.15 0.0 0.0
7.02e-06 -0.147 0.0 0.0
7.04e-06 -0.144 0.0 0.0
7.06e-06 -0.141 0.0 0.0
7.08e-06 -0.138 0.0 0.0
7.1e-06 -0.135 0.0 0.0
7.12e-06 -0.132 0.0 0.0
7.14e-06 -0.129 0.0 0.0
7.16e-06 -0.126 0.0 0.0
7.18e-06 -0.123 0.0 0.0
7.2e-06 -0.12 0.0 0.0
7.22e-06 -0.117 0.0 0.0
7.24e-06 -0.114 0.0 0.0
7.26e-06 -0.111 0.0 0.0
7.28e-06 -0.108 0.0 0.0
7.3e-06 -0.105 0.0 0.0
7.32e-06 -0.102 0.0 0.0
7.34e-06 -0.099 0.0 0.0
7.36e-06 -0.096 0.0 0.0
7.38e-06 -0.093 0.0 0.0
7.4e-06 -0.09 0.0 0.0
7.42e-06 -0.087 0.0 0.0
7.44e-06 -0.084 0.0 0.0
7.46e-06 -0.081 0.0 0.0
7.48e-06 -0.078 0.0 0.0
7.5e-06 -0.075 0.0 0.0
7.52e-06 -0.072 0.0 0.0
7.54e-06 -0.069 0.0 0.0
7.56e-06 -0.066 0.0 0.0
7.58e-06 -0.063 0.0 0.0
7.6e-06 -0.06 0.0 0.0
7.62e-06 -0.057 0.0 0.0
7.64e-06 -0.054 0.0 0.0
7.66e-06 -0.051 0.0 0.0
7.68e-06 -0.048 0.0 0.0
7.7e-06 -0.045 0.0 0.0
7.72e-06 -0.042 0.0 0.0
7.74e-06 -0.039 0.0 0.0
7.76e-06 -0.036 0.0 0.0
7.78e-06 -0.033 0.0 0.0
7.8e-06 -0.03 0.0 0.0
7.82e-06 -0.027 0.0 0.0
7.84e-06 -0.024 0.0 0.0
7.86e-06 -0.021 0.0 0.0
7.88e-06 -0.018 0.0 0.0
7.9e-06 -0.015 0.0 0.0
7.92e-06 -0.012 0.0 0.0
7.94e-06 -0.00900000000004 0.0 0.0
7.96e-06 -0.00600000000004 0.0 0.0
7.98e-06 -0.00300000000004 0.0 0.0
8e-06 -4.319868031e-14 0.234056382566 0.524055140922
8.02e-06 0.00299999999996 0.44662548707 1.0
8.04e-06 0.00599999999996 0.399738514684 0.895019487818
8.06e-06 0.00899999999996 0.356813028167 0.798908791588
8.08e-06 0.012 0.321085877655 0.71891525887
8.1e-06 0.015 0.284527515712 0.637060633459
8.12e-06 0.018 0.251454741418 0.563010281987
8.14e-06 0.021 0.218249352312 0.488663004307
8.16e-06 0.024 0.192647552998 0.431340258393
8.18e-06 0.027 0.172943851039 0.387223425545
8.2e-06 0.03 0.144893056306 0.324417348542
8.22e-06 0.033 0.123320121582 0.276115280368
8.24e-06 0.036 0.111915588752 0.250580390041
8.26e-06 0.039 0.0855838733624 0.191623352988
8.28e-06 0.042 0.0706231018888 0.15812600027
8.3e-06 0.045 0.0639923025174 0.14327955831
8.32e-06 0.048 0.0425444520453 0.0952575553276
8.34e-06 0.051 0.0318419022604 0.0712944137364
8.36e-06 0.054 0.0229746926862 0.05144062162
8.38e-06 0.057 0.01028850167 0.0230360827313
8.4e-06 0.06 0.00623173441054 0.013952930567
8.42e-06 0.063 -0.00101305194602 -0.00226823586058
8.44e-06 0.066 -0.0146449192829 -0.0327901557498
8.46e-06 0.069 -0.0197603905963 -0.04424375941
8.48e-06 0.072 -0.0210458301879 -0.0471218745843
8.5e-06 0.075 -0.0279347391014 -0.062546227007
8.52e-06 0.078 -0.0350538679263 -0.0784860446641
8.54e-06 0.081 -0.0380376848963 -0.0851668478346
8.56e-06 0.084 -0.0372033021866 -0.083298654608
8.58e-06 0.087 -0.0413185742908 -0.0925127998446
8.6e-06 0.09 -0.0501767469504 -0.112346358197
8.62e-06 0.093 -0.0477151551012 -0.106834823544
8.64e-06 0.096 -0.0495611651684 -0.110968062959
8.66e-06 0.099 -0.0542255368535 -0.121411648962
8.68e-06 0.102 -0.0520505573875 -0.116541842986
8.7e-06 0.105 -0.0558603581743 -0.125072034157
8.72e-06 0.108 -0.0536128552568 -0.120039847275
8.74e-06 0.111 -0.0548939538271 -0.122908242849
8.76e-06 0.114 -0.0579713796584 -0.129798637419
8.78e-06 0.117 -0.0554487473818 -0.124150432492
8.8e-06 0.12 -0.0591772045757 -0.132498494351
8.82e-06 0.123 -0.0581733602947 -0.130250874567
8.84e-06 0.126 -0.0555886462589 -0.124463667812
8.86e-06 0.129 -0.0568254323607 -0.12723284722
8.88e-06 0.132 -0.0557301187714 -0.12478042652
8.9e-06 0.135 -0.0553101837811 -0.123840186873
8.92e-06 0.138 -0.0551711644864 -0.12352892095
8.94e-06 0.141 -0.0564840001549 -0.12646837628
8.96e-06 0.144 -0.0560262361838 -0.125443437076
8.98e-06 0.147 -0.0513711922723 -0.115020736074
9e-06 0.15 -0.052117074783 -0.116690776259
9.02e-06 0.153 -0.0517677452824 -0.115908623178
9.04e-06 0.156 -0.0511672648975 -0.114564140155
9.06e-06 0.159 -0.052593839035 -0.117758257327
9.08e-06 0.162 -0.0480710287459 -0.107631629044
9.1e-06 0.165 -0.0472963739418 -0.105897167338
9.12e-06 0.168 -0.0499447182181 -0.11182684299
9.14e-06 0.171 -0.0485015273134 -0.108595520671
9.16e-06 0.174 -0.045131392341 -0.101049746706
9.18e-06 0.177 -0.0442702012852 -0.0991215292609
9.2e-06 0.18 -0.0439688521654 -0.0984468048473
9.22e-06 0.183 -0.0435148592185 -0.0974303090134
9.24e-06 0.186 -0.0425028696779 -0.0951644518918
9.26e-06 0.189 -0.0414456870778 -0.0927974069499
9.28e-06 0.192 -0.0410113285796 -0.09182487289
9.3e-06 0.195 -0.0399296633784 -0.0894030111009
9.32e-06 0.198 -0.039424980259 -0.0882730193426
9.34e-06 0.201 -0.0367212856507 -0.0822194136112
9.36e-06 0.204 -0.0366860758295 -0.0821405783853
9.38e-06 0.207 -0.0370713057749 -0.0830031130066
9.4e-06 0.21 -0.0353545691071 -0.0791593183343
9.42e-06 0.213 -0.0334314243857 -0.074853373472
9.44e-06 0.216 -0.0334301106106 -0.0748504319131
9.46e-06 0.219 -0.034543725751 -0.0773438300121
9.48e-06 0.222 -0.0322224726587 -0.0721465155742
9.5e-06 0.225 -0.0299316329463 -0.0670172970707
9.52e-06 0.228 -0.0309875711489 -0.0693815557911
9.54e-06 0.231 -0.0301262473247 -0.0674530410755
9.56e-06 0.234 -0.0290978800115 -0.0651505139181
9.58e-06 0.237 -0.027317540452 -0.061164311583
9.6e-06 0.24 -0.0273282579717 -0.0611883082423
9.62e-06 0.243 -0.0282737943304 -0.0633053758662
9.64e-06 0.246 -0.0256984760076 -0.057539206229
9.66e-06 0.249 -0.025427679585 -0.0569328896832
9.68e-06 0.252 -0.0250510379099 -0.0560895843052
9.7e-06 0.255 -0.0240740283551 -0.0539020478053
9.72e-06 0.258 -0.0245278958016 -0.0549182626423
9.74e-06 0.261 -0.0230336299424 -0.0515725828669
9.76e-06 0.264 -0.0211329078518 -0.047316842553
9.78e-06 0.267 -0.0214201128588 -0.0479598981225
9.8e-06 0.27 -0.0224210074133 -0.0502009134329
9.82e-06 0.273 -0.0210243637131 -0.0470738108814
9.84e-06 0.276 -0.0189485545209 -0.0424260483771
9.86e-06 0.279 -0.0196148035696 -0.0439177882531
9.88e-06 0.282 -0.0200975435284 -0.044998649003
9.9e-06 0.285 -0.0186873526823 -0.0418412142239
9.92e-06 0.288 -0.0179983321438 -0.0402984886999
9.94e-06 0.291 -0.0178211719728 -0.0399018248819
9.96e-06 0.294 -0.0171258995054 -0.0383451012117
9.98e-06 0.297 -0.0380491408595 -0.0851924978781
1e-05 0.3 -0.0569254788222 -0.127456852487
1.002e-05 0.303 -0.0518513557051 -0.11609582795
1.004e-05 0.306 -0.0464797932968 -0.104068833155
1.006e-05 0.309 -0.0424224314406 -0.0949843496817
1.008e-05 0.312 -0.0387231243991 -0.0867015553751
1.01e-05 0.315 -0.0344006772207 -0.0770235425801
1.012e-05 0.318 -0.0311754977903 -0.06980232587
1.014e-05 0.321 -0.0288270712443 -0.0645441697326
1.016e-05 0.324 -0.0259758188273 -0.058160180239
1.018e-05 0.327 -0.0231641622238 -0.0518648462626
1.02e-05 0.33 -0.0211287006611 -0.0473074226008
1.022e-05 0.333 -0.0191745282986 -0.0429320064656
1.024e-05 0.336 -0.017340981697 -0.0388266729038
1.026e-05 0.339 -0.0155613239735 -0.0348419972081
1.028e-05 0.342 -0.014079808187 -0.0315248650036
1.03e-05 0.345 -0.0127252318073 -0.028491951704
1.032e-05 0.348 -0.0116367265208 -0.026054774879
1.034e-05 0.351 -0.0104483385002 -0.0233939593747
1.036e-05 0.354 -0.00936463912786 -0.0209675430511
1.038e-05 0.357 -0.00847129838075 -0.0189673420483
1.04e-05 0.36 -0.00772483220035 -0.0172959950204
1.042e-05 0.363 -0.00695142877891 -0.015564335176
1.044e-05 0.366 -0.00623196569931 -0.0139534484254
1.046e-05 0.369 -0.00569690158211 -0.0127554332367
1.048e-05 0.372 -0.00501540258285 -0.0112295485324
1.05e-05 0.375 -0.00460688652985 -0.0103148760275
1.052e-05 0.378 -0.00425516992783 -0.00952737819723
1.054e-05 0.381 -0.00369032725363 -0.00826268845031
1.056e-05 0.384 -0.00330776261111 -0.0074061214751
1.058e-05 0.387 -0.00306140922664 -0.00685453319452
1.06e-05 0.39 -0.00276870885953 -0.00619917344551
1.062e-05 0.393 -0.0024676518197 -0.00552510300271
1.064e-05 0.396 -0.00218563220531 -0.00489365759139
1.066e-05 0.399 -0.00200831576222 -0.00449664387806
1.068e-05 0.402 -0.00183815701347 -0.00411565633107
1.07e-05 0.405 -0.00159391669315 -0.00356879922731
1.072e-05 0.408 -0.00144154356685 -0.00322763390936
1.074e-05 0.411 -0.00133376923679 -0.00298632584885
1.076e-05 0.414 -0.00118412576651 -0.00265127226455
1.078e-05 0.417 -0.0010621475862 -0.00237816160732
1.08e-05 0.42 -0.000954741354231 -0.002137677723
1.082e-05 0.423 -0.000852872462367 -0.00190959201178
1.084e-05 0.426 -0.000776165528649 -0.00173784423666
1.086e-05 0.429 -0.000694810158648 -0.00155568855509
1.088e-05 0.432 -0.00062178470976 -0.00139218367013
1.09e-05 0.435 -0.000561084629047 -0.00125627543723
1.092e-05 0.438 -0.000506045208308 -0.00113304149216
1.094e-05 0.441 -0.00045081116661 -0.00100937178836
1.096e-05 0.444 -0.000405351610391 -0.000907587278663
1.098e-05 0.447 -0.000365322382492 -0.000817961341366
1.1e-05 0.45 -0.000323897447637 -0.0007252103989
1.102e-05 0.453 -0.000296953661407 -0.000664882927652
1.104e-05 0.456 -0.00026480622066 -0.000592904409458
1.106e-05 0.459 -0.000232338591003 -0.000520208984326
1.108e-05 0.462 -0.000213599212607 -0.000478251283886
1.11e-05 0.465 -0.000188457494032 -0.000421958664448
1.112e-05 0.468 -0.000169648005059 -0.000379843985554
1.114e-05 0.471 -0.000153156538785 -0.000342919388211
1.116e-05 0.474 -0.000138066360698 -0.000309132292481
1.118e-05 0.477 -0.000120340563766 -0.000269444013497
1.12e-05 0.48 -0.000110858330164 -0.000248213174961
1.122e-05 0.483 -9.85406721421e-05 -0.000220633786013
1.124e-05 0.486 -8.60845780672e-05 -0.000192744437027
1.126e-05 0.489 -7.98817644397e-05 -0.000178856260452
1.128e-05 0.492 -7.12523576901e-05 -0.000159534911806
1.13e-05 0.495 -6.16107285884e-05 -0.000137947184771
1.132e-05 0.498 -5.62993806575e-05 -0.000126055010937
1.134e-05 0.501 -5.12452487727e-05 -0.000114738747018
1.136e-05 0.504 -4.44389352463e-05 -9.94993266906e-05
1.138e-05 0.507 -4.04857447573e-05 -9.0648084199e-05
1.14e-05 0.51 -3.63144532743e-05 -8.13085108792e-05
1.142e-05 0.513 -3.19887611166e-05 -7.16232325352e-05
1.144e-05 0.516 -2.8659899399e-05 -6.41698698993e-05
1.146e-05 0.519 -2.59278191323e-05 -5.80527083271e-05
1.148e-05 0.522 -2.25824257695e-05 -5.05623311327e-05
1.15e-05 0.525 -2.04166569364e-05 -4.57131478778e-05
1.152e-05 0.528 -1.87960990568e-05 -4.20846987038e-05
1.154e-05 0.531 -1.59862493723e-05 -3.57934104415e-05
1.156e-05 0.534 -1.44825885336e-05 -3.24266951908e-05
1.158e-05 0.537 -1.32017815603e-05 -2.9558952506e-05
1.16e-05 0.54 -1.15050142182e-05 -2.57598694013e-05
1.162e-05 0.543 -1.04059693104e-05 -2.32990942336e-05
1.164e-05 0.546 -9.26860598146e-06 -2.07525236463e-05
1.166e-05 0.549 -8.1079172668e-06 -1.81537272313e-05
1.168e-05 0.552 -7.2336884524e-06 -1.61963180827e-05
1.17e-05 0.555 -6.59268637821e-06 -1.47611064954e-05
1.172e-05 0.558 -5.85568308954e-06 -1.31109469994e-05
1.174e-05 0.561 -5.1949211612e-06 -1.16314928538e-05
1.176e-05 0.564 -4.60750249479e-06 -1.03162551807e-05
1.178e-05 0.567 -4.09471660033e-06 -9.16812120865e-06
1.18e-05 0.57 -3.62599517261e-06 -8.11864812373e-06
1.182e-05 0.573 -3.2566492524e-06 -7.29167803156e-06
1.184e-05 0.576 -2.95126478085e-06 -6.60791841553e-06
1.186e-05 0.579 -2.5699328192e-06 -5.75411142804e-06
1.188e-05 0.582 -2.25601053757e-06 -5.05123554943e-06
1.19e-05 0.585 -2.02535791397e-06 -4.53480146701e-06
1.192e-05 0.588 -1.82378894452e-06 -4.08348604663e-06
1.194e-05 0.591 -1.62688316403e-06 -3.64261156411e-06
1.196e-05 0.594 -1.44259696228e-06 -3.22999247477e-06
1.198e-05 0.597 -1.26192640589e-06 -2.82546886021e-06
1.2e-05 0.6 -1.11242442532e-06 -2.49073207312e-06
1.202e-05 0.603 -1.00764674775e-06 -2.25613355466e-06
1.204e-05 0.606 -8.98370847233e-07 -2.0114634593e-06
1.206e-05 0.609 -7.8949050457e-07 -1.76767902287e-06
1.208e-05 0.612 -7.04092496189e-07 -1.57647182387e-06
1.21e-05 0.615 -6.25784633035e-07 -1.4011395479e-06
1.212e-05 0.618 -5.5300666177e-07 -1.2381887684e-06
1.214e-05 0.621 -4.86225299363e-07 -1.08866447043e-06
1.216e-05 0.624 -4.37698945689e-07 -9.80013363234e-07
1.218e-05 0.627 -3.85749373758e-07 -8.63697627937e-07
1.22e-05 0.63 -3.42501872846e-07 -7.66865937483e-07
1.222e-05 0.633 -3.04979526331e-07 -6.8285293867e-07
1.224e-05 0.636 -2.6960537197e-07 -6.03649768711e-07
1.226e-05 0.639 -2.36820640805e-07 -5.30244349373e-07
1.228e-05 0.642 -2.08490121188e-07 -4.66811964888e-07
1.23e-05 0.645 -1.88569778839e-07 -4.22210071523e-07
1.232e-05 0.648 -1.67441502386e-07 -3.74903598727e-07
1.234e-05 0.651 -1.45437031556e-07 -3.25635315868e-07
1.236e-05 0.654 -1.29471047e-07 -2.89887278599e-07
1.238e-05 0.657 -1.14989807632e-07 -2.57463604208e-07
1.24e-05 0.66 -1.0080796718e-07 -2.25710287698e-07
1.242e-05 0.663 -9.07380314364e-08 -2.03163576785e-07
1.244e-05 0.666 -7.97176161504e-08 -1.78488730398e-07
1.246e-05 0.669 -7.04247494565e-08 -1.57681886716e-07
1.248e-05 0.672 -6.18962986452e-08 -1.38586579667e-07
1.25e-05 0.675 -5.43013979627e-08 -1.21581502925e-07
1.252e-05 0.678 -4.89530802834e-08 -1.09606553367e-07
1.254e-05 0.681 -4.32485171319e-08 -9.68339657812e-08
1.256e-05 0.684 -3.76837172738e-08 -8.43743099415e-08
1.258e-05 0.687 -3.35253843317e-08 -7.50637509552e-08
1.26e-05 0.69 -2.97292898929e-08 -6.65642484668e-08
1.262e-05 0.693 -2.59437929754e-08 -5.80884739596e-08
1.264e-05 0.696 -2.29522114815e-08 -5.13902859241e-08
1.266e-05 0.699 -2.02186498042e-08 -4.52698074551e-08
1.268e-05 0.702 -1.78985553807e-08 -4.00750872909e-08
1.27e-05 0.705 -1.59994347858e-08 -3.58229327457e-08
1.272e-05 0.708 -1.39147337887e-08 -3.11552613801e-08
1.274e-05 0.711 -1.23146899043e-08 -2.75727432958e-08
1.276e-05 0.714 -1.07767481552e-08 -2.41292726617e-08
1.278e-05 0.717 -9.52062256377e-09 -2.1316791897e-08
1.28e-05 0.72 -8.60778996046e-09 -1.92729483867e-08
1.282e-05 0.723 -7.26932006319e-09 -1.62760977008e-08
1.284e-05 0.726 -6.5332795819e-09 -1.46280939424e-08
1.286e-05 0.729 -5.84602783359e-09 -1.30893287617e-08
1.288e-05 0.732 -4.9598257254e-09 -1.11051112599e-08
1.29e-05 0.735 -4.54392422734e-09 -1.0173902652e-08
1.292e-05 0.738 -3.92727188151e-09 -8.7932104083e-09
1.294e-05 0.741 -3.4011564779e-09 -7.61523150015e-09
1.296e-05 0.744 -3.13727935258e-09 -7.02440734666e-09
1.298e-05 0.747 -2.62952209638e-09 -5.88753255806e-09
1.3e-05 0.75 -2.32569481474e-09 -5.20725950954e-09
1.302e-05 0.753 -2.10151881076e-09 -4.70532665869e-09
1.304e-05 0.756 -1.78376261668e-09 -3.9938666026e-09
1.306e-05 0.759 -1.63066080127e-09 -3.65106974071e-09
1.308e-05 0.762 -1.4207079773e-09 -3.18098276616e-09
1.31e-05 0.765 -1.20428908945e-09 -2.69641819447e-09
1.312e-05 0.768 -1.08709984461e-09 -2.43403002311e-09
1.314e-05 0.771 -9.54521291164e-10 -2.13718499906e-09
1.316e-05 0.774 -8.3806377436e-10 -1.87643517583e-09
1.318e-05 0.777 -7.34118813218e-10 -1.64370111978e-09
1.32e-05 0.78 -6.45324883502e-10 -1.44489041084e-09
1.322e-05 0.783 -5.66413123021e-10 -1.26820600127e-09
1.324e-05 0.786 -4.91853435938e-10 -1.10126593797e-09
1.326e-05 0.789 -4.37062841826e-10 -9.78589118802e-10
1.328e-05 0.792 -3.80404701977e-10 -8.51730841589e-10
1.33e-05 0.795 -3.34882889653e-10 -7.49806939703e-10
1.332e-05 0.798 -2.92987935658e-10 -6.56003618559e-10
1.334e-05 0.801 -2.56136535996e-10 -5.73492878063e-10
1.336e-05 0.804 -2.24581684995e-10 -5.02841175654e-10
1.338e-05 0.807 -1.95718974165e-10 -4.38217208447e-10
1.34e-05 0.81 -1.73814397554e-10 -3.89172589979e-10
1.342e-05 0.813 -1.50635863035e-10 -3.37275563971e-10
1.344e-05 0.816 -1.32500671839e-10 -2.96670646157e-10
1.346e-05 0.819 -1.15320072044e-10 -2.58203070319e-10
1.348e-05 0.822 -1.0070889014e-10 -2.25488452979e-10
1.35e-05 0.825 -8.93568468885e-11 -2.00071087467e-10
1.352e-05 0.828 -7.77053965945e-11 -1.73983345877e-10
1.354e-05 0.831 -6.7700703493e-11 -1.51582714048e-10
1.356e-05 0.834 -5.88206225409e-11 -1.31700102757e-10
1.358e-05 0.837 -5.18744487509e-11 -1.16147533566e-10
1.36e-05 0.84 -4.51465994772e-11 -1.01083795673e-10
1.362e-05 0.843 -3.9647792545e-11 -8.87718988119e-11
1.364e-05 0.846 -3.44445128778e-11 -7.71216911595e-11
1.366e-05 0.849 -3.01156148062e-11 -6.74292347348e-11
1.368e-05 0.852 -2.61806024038e-11 -5.86186932043e-11
1.37e-05 0.855 -2.28752436386e-11 -5.121795397e-11
1.372e-05 0.858 -2.00718962682e-11 -4.49412244695e-11
1.374e-05 0.861 -1.73867299428e-11 -3.89291037931e-11
1.376e-05 0.864 -1.51484962266e-11 -3.3917670767e-11
1.378e-05 0.867 -1.33877954332e-11 -2.99754398725e-11
1.38e-05 0.87 -1.15304440304e-11 -2.5816807066e-11
1.382e-05 0.873 -1.00446253106e-11 -2.24900405403e-11
1.384e-05 0.876 -8.74475634081e-12 -1.95796178095e-11
1.386e-05 0.879 -7.6012375469e-12 -1.70192650598e-11
1.388e-05 0.882 -6.59603723761e-12 -1.47686091112e-11
1.39e-05 0.885 -5.75995910085e-12 -1.28966198025e-11
1.392e-05 0.888 -5.04062695628e-12 -1.12860262171e-11
1.394e-05 0.891 -4.33900641153e-12 -9.7150891231e-12
1.396e-05 0.894 -3.78349685174e-12 -8.47129633502e-12
1.398e-05 0.897 -3.27225065012e-12 -7.32660975439e-12
1.4e-05 0.9 -2.8570825748e-12 -6.39704328909e-12
1.402e-05 0.903 -2.4546281087e-12 -5.49594275242e-12
1.404e-05 0.906 -2.12789818275e-12 -4.76439039947e-12
1.406e-05 0.909 -1.86882162444e-12 -4.184314775e-12
1.408e-05 0.912 -1.58933996191e-12 -3.55855186934e-12
1.41e-05 0.915 -1.38267086734e-12 -3.09581720561e-12
1.412e-05 0.918 -1.18108097235e-12 -2.6444549327e-12
1.414e-05 0.921 -9.73357172166e-13 -2.17935877003e-12
1.416e-05 0.924 -8.05782830131e-13 -1.80415774169e-12
1.418e-05 0.927 -6.70880269002e-13 -1.50210923565e-12
1.42e-05 0.93 -5.74847022001e-13 -1.2870896056e-12
1.422e-05 0.933 -4.8161261384e-13 -1.07833661039e-12
1.424e-05 0.936 -4.09258247894e-13 -9.16334288441e-13
1.426e-05 0.939 -3.47390516816e-13 -7.77811671912e-13
1.428e-05 0.942 -2.90857753514e-13 -6.51234114342e-13
1.43e-05 0.945 -2.49195978214e-13 -5.57952883185e-13
1.432e-05 0.948 -2.13921381971e-13 -4.78972625084e-13
1.434e-05 0.951 -1.80901032873e-13 -4.05039654274e-13
1.436e-05 0.954 -1.53827910562e-13 -3.44422597938e-13
1.438e-05 0.957 -1.31037646999e-13 -2.93394915411e-13
1.44e-05 0.96 -1.11177998093e-13 -2.48928915414e-13
1.442e-05 0.963 -9.51559913759e-14 -2.13055443836e-13
1.444e-05 0.966 -8.08075940246e-14 -1.80929204365e-13
1.446e-05 0.969 -6.86471991762e-14 -1.53701929611e-13
1.448e-05 0.972 -5.89424341264e-14 -1.31972840406e-13
1.45e-05 0.975 -4.89444236827e-14 -1.0958717113e-13
1.452e-05 0.978 -4.25669444982e-14 -9.53079162085e-14
1.454e-05 0.981 -3.66897324169e-14 -8.21487655299e-14
1.456e-05 0.984 -3.06873873923e-14 -6.87094406405e-14
1.458e-05 0.987 -2.63663821589e-14 -5.90346563781e-14
1.46e-05 0.99 -2.2484800581e-14 -5.0343747126e-14
1.462e-05 0.993 -1.8960096052e-14 -4.24518900082e-14
1.464e-05 0.996 -1.62183064073e-14 -3.63129890183e-14
1.466e-05 0.999 -1.38450861052e-14 -3.09993193537e-14
1.468e-05 1.002 -1.16218657627e-14 -2.60215014574e-14
1.47e-05 1.005 -9.94681675247e-15 -2.22710459668e-14
1.472e-05 1.008 -8.63869197661e-15 -1.93421383837e-14
1.474e-05 1.011 -7.244130334e-15 -1.62196975849e-14
1.476e-05 1.014 -6.09665304612e-15 -1.36504817182e-14
1.478e-05 1.017 -5.30287045224e-15 -1.18731926542e-14
1.48e-05 1.02 -4.4720162758e-15 -1.00128998574e-14
1.482e-05 1.023 -3.77739922318e-15 -8.45764366912e-15
1.484e-05 1.026 -3.2089639997e-15 -7.18491015986e-15
1.486e-05 1.029 -2.77081225121e-15 -6.20388296555e-15
1.488e-05 1.032 -2.32926565398e-15 -5.21525466282e-15
1.49e-05 1.035 -1.99022332901e-15 -4.45613469591e-15
1.492e-05 1.038 -1.67194233018e-15 -3.74349959548e-15
1.494e-05 1.041 -1.42517051179e-15 -3.1909744362e-15
1.496e-05 1.044 -1.22014709858e-15 -2.73192447342e-15
1.498e-05 1.047 -1.03531691495e-15 -2.31808740192e-15
1.5e-05 1.05 -8.78505262478e-16 -1.96698416887e-15
1.502e-05 1.053 -7.41391933126e-16 -1.65998572538e-15
1.504e-05 1.056 -6.33776466511e-16 -1.41903336209e-15
1.506e-05 1.059 -5.30934289802e-16 -1.18876845405e-15
1.508e-05 1.062 -4.59285118385e-16 -1.02834507139e-15
1.51e-05 1.065 -3.85504721355e-16 -8.63149848174e-16
1.512e-05 1.068 -3.27111633895e-16 -7.32407001762e-16
1.514e-05 1.071 -2.78159613081e-16 -6.2280282056e-16
1.516e-05 1.074 -2.34673219147e-16 -5.25436245671e-16
1.518e-05 1.077 -1.98251383481e-16 -4.43887304287e-16
1.52e-05 1.08 -1.68016070983e-16 -3.76190064936e-16
1.522e-05 1.083 -1.44288141154e-16 -3.23062936019e-16
1.524e-05 1.086 -1.22170363311e-16 -2.73540957352e-16
1.526e-05 1.089 -1.00529323456e-16 -2.25086400948e-16
1.528e-05 1.092 -8.66905400722e-17 -1.94101193465e-16
1.53e-05 1.095 -7.428728924e-17 -1.66330161154e-16
1.532e-05 1.098 -6.25846771034e-17 -1.40127867565e-16
1.534e-05 1.101 -5.25367086682e-17 -1.17630341727e-16
1.536e-05 1.104 -4.39277371143e-17 -9.83547477385e-17
1.538e-05 1.107 -3.69935742096e-17 -8.28290710687e-17
1.54e-05 1.11 -3.21114921088e-17 -7.18980287476e-17
1.542e-05 1.113 -2.69595073144e-17 -6.03626709513e-17
1.544e-05 1.116 -2.28303167417e-17 -5.11173620912e-17
1.546e-05 1.119 -1.90987291129e-17 -4.27622911496e-17
1.548e-05 1.122 -1.59835589201e-17 -3.57873864856e-17
1.55e-05 1.125 -1.35740982564e-17 -3.03925742022e-17
1.552e-05 1.128 -1.15336577653e-17 -2.58240026581e-17
1.554e-05 1.131 -9.68834437626e-18 -2.16923231136e-17
1.556e-05 1.134 -8.21067203003e-18 -1.83837964195e-17
1.558e-05 1.137 -6.88578958265e-18 -1.54173682022e-17
1.56e-05 1.14 -5.77167949288e-18 -1.29228619055e-17
1.562e-05 1.143 -4.90774952348e-18 -1.09885119985e-17
1.564e-05 1.146 -4.11592751244e-18 -9.2156127037e-18
1.566e-05 1.149 -3.44761751233e-18 -7.71925833196e-18
1.568e-05 1.152 -2.94555129901e-18 -6.59512585888e-18
1.57e-05 1.155 -2.46075389852e-18 -5.50965847172e-18
1.572e-05 1.158 -2.0498760222e-18 -4.58969781517e-18
1.574e-05 1.161 -1.73332638257e-18 -3.88093924943e-18
1.576e-05 1.164 -1.4636940557e-18 -3.27722912837e-18
1.578e-05 1.167 -1.22987207122e-18 -2.75369880768e-18
1.58e-05 1.17 -1.02151569575e-18 -2.28718630111e-18
1.582e-05 1.173 -8.7209806134e-19 -1.95263836612e-18
1.584e-05 1.176 -7.19059080428e-19 -1.60998219145e-18
1.586e-05 1.179 -6.06520393916e-19 -1.3580066778e-18
1.588e-05 1.182 -5.19199515973e-19 -1.16249415003e-18
1.59e-05 1.185 -4.2545473984e-19 -9.5259843461e-19
1.592e-05 1.188 -3.54984620407e-19 -7.94814963956e-19
1.594e-05 1.191 -3.02894625889e-19 -6.78184820747e-19
1.596e-05 1.194 -2.51609943237e-19 -5.63357780784e-19
1.598e-05 1.197 -2.08108527028e-19 -4.65957570835e-19
1.6e-05 1.2 -1.74469783489e-19 -3.90640007211e-19
1.602e-05 1.203 -1.49669689511e-19 -3.35112289478e-19
1.604e-05 1.206 -1.24722522765e-19 -2.79255273996e-19
1.606e-05 1.209 -1.01809491987e-19 -2.27952714152e-19
1.608e-05 1.212 -8.39860973815e-20 -1.88045912768e-19
1.61e-05 1.215 -7.18052227541e-20 -1.60772783535e-19
1.612e-05 1.218 -6.1464016422e-20 -1.37618694413e-19
1.614e-05 1.221 -4.95907359086e-20 -1.11034272213e-19
1.616e-05 1.224 -4.16106458359e-20 -9.31667516533e-20
1.618e-05 1.227 -3.42732447729e-20 -7.67382197504e-20
1.62e-05 1.23 -2.87461153458e-20 -6.43629084725e-20
1.622e-05 1.233 -2.38760083624e-20 -5.34586785878e-20
1.624e-05 1.236 -2.02625940029e-20 -4.53681990606e-20
1.626e-05 1.239 -1.6712297727e-20 -3.74190417045e-20
1.628e-05 1.242 -1.3747825466e-20 -3.07815515774e-20
1.63e-05 1.245 -1.14773316685e-20 -2.56978878295e-20
1.632e-05 1.248 -9.38063565812e-21 -2.10033594806e-20
1.634e-05 1.251 -7.75358117461e-21 -1.736036433e-20
1.636e-05 1.254 -6.60223768413e-21 -1.47824919877e-20
1.638e-05 1.257 -5.50894156435e-21 -1.23345884278e-20
1.64e-05 1.26 -4.45930426007e-21 -9.98443749668e-21
1.642e-05 1.263 -3.69666194251e-21 -8.27687189722e-21
1.644e-05 1.266 -3.03349045872e-21 -6.79202272719e-21
1.646e-05 1.269 -2.54097802953e-21 -5.68928129518e-21
1.648e-05 1.272 -2.0911609336e-21 -4.68213524338e-21
1.65e-05 1.275 -1.70359924e-21 -3.81437980885e-21
1.652e-05 1.278 -1.42103053455e-21 -3.18170497584e-21
1.654e-05 1.281 -1.19170610392e-21 -2.66824473395e-21
1.656e-05 1.284 -9.4562720726e-22 -2.11727103499e-21
1.658e-05 1.287 -7.921374086e-22 -1.77360547379e-21
1.66e-05 1.29 -6.36464822213e-22 -1.42505262382e-21
1.662e-05 1.293 -5.26242892631e-22 -1.17826435765e-21
1.664e-05 1.296 -4.40187874984e-22 -9.85586106766e-22
1.666e-05 1.299 -3.48993808825e-22 -7.81401462586e-22
1.668e-05 1.302 -2.94553345403e-22 -6.59508590374e-22
1.67e-05 1.305 -2.36265932357e-22 -5.29002350284e-22
1.672e-05 1.308 -1.93900222319e-22 -4.34145000526e-22
1.674e-05 1.311 -1.57015157858e-22 -3.5155888413e-22
1.676e-05 1.314 -1.2656350621e-22 -2.83377258742e-22
1.678e-05 1.317 -1.01788762517e-22 -2.27906300612e-22
1.68e-05 1.32 -8.33042173472e-23 -1.86519174922e-22
1.682e-05 1.323 -6.70462433584e-23 -1.50117369697e-22
1.684e-05 1.326 -5.42595645043e-23 -1.21487837294e-22
1.686e-05 1.329 -4.51062815691e-23 -1.00993523377e-22
1.688e-05 1.332 -3.46499804185e-23 -7.75817355293e-23
1.69e-05 1.335 -2.79828683267e-23 -6.26539889389e-23
1.692e-05 1.338 -2.25859471318e-23 -5.05702155064e-23
1.694e-05 1.341 -1.79859285336e-23 -4.02707168631e-23
1.696e-05 1.344 -1.4053921947e-23 -3.14669053914e-23
1.698e-05 1.347 -1.07557356883e-23 -2.4082225488e-23
1.7e-05 1.35 -8.69680511287e-24 -1.94722544159e-23
1.702e-05 1.353 -6.84052124448e-24 -1.53160118321e-23
1.704e-05 1.356 -5.4018069603e-24 -1.20947127217e-23
1.706e-05 1.359 -4.19881738689e-24 -9.40120415975e-24
1.708e-05 1.362 -3.22753285663e-24 -7.22648606063e-24
1.71e-05 1.365 -2.49837998667e-24 -5.59390374934e-24
1.712e-05 1.368 -1.70773879947e-24 -3.82364833382e-24
1.714e-05 1.371 -1.38825907672e-24 -3.10832927568e-24
1.716e-05 1.374 -9.16065927745e-25 -2.05108296384e-24
1.718e-05 1.377 -6.87496976804e-25 -1.53931425032e-24
1.72e-05 1.38 -5.17449952601e-25 -1.15857685596e-24
1.722e-05 1.383 -3.21615932303e-25 -7.20102057795e-25
1.724e-05 1.386 -2.36110766955e-25 -5.28654933027e-25
1.726e-05 1.389 -1.12803086956e-25 -2.52567509517e-25
1.728e-05 1.392 -5.64356394323e-26 -1.26360096023e-25
1.73e-05 1.395 -2.04678146747e-26 -4.58276906878e-26
1.732e-05 1.398 -5.72201069604e-28 -1.28116528539e-27
1.734e-05 1.401 0.0 0.0
1.736e-05 1.404 0.0 0.0
1.738e-05 1.407 0.0 0.0
1.74e-05 1.41 0.0 0.0
1.742e-05 1.413 0.0 0.0
1.744e-05 1.416 0.0 0.0
1.746e-05 1.419 0.0 0.0
1.748e-05 1.422 0.0 0.0
1.75e-05 1.425 0.0 0.0
1.752e-05 1.428 0.0 0.0
1.754e-05 1.431 0.0 0.0
1.756e-05 1.434 0.0 0.0
1.758e-05 1.437 0.0 0.0
1.76e-05 1.44 0.0 0.0
1.762e-05 1.443 0.0 0.0
1.764e-05 1.446 0.0 0.0
1.766e-05 1.449 0.0 0.0
1.768e-05 1.452 0.0 0.0
1.77e-05 1.455 0.0 0.0
1.772e-05 1.458 0.0 0.0
1.774e-05 1.461 0.0 0.0
1.776e-05 1.464 0.0 0.0
1.778e-05 1.467 0.0 0.0
1.78e-05 1.47 0.0 0.0
1.782e-05 1.473 0.0 0.0
1.784e-05 1.476 0.0 0.0
1.786e-05 1.479 0.0 0.0
1.788e-05 1.482 0.0 0.0
1.79e-05 1.485 0.0 0.0
1.792e-05 1.488 0.0 0.0
1.794e-05 1.491 0.0 0.0
1.796e-05 1.494 0.0 0.0
1.798e-05 1.497 0.0 0.0
1.8e-05 1.5 0.0 0.0
1.802e-05 1.503 0.0 0.0
1.804e-05 1.506 0.0 0.0
1.806e-05 1.509 0.0 0.0
1.808e-05 1.512 0.0 0.0
1.81e-05 1.515 0.0 0.0
1.812e-05 1.518 0.0 0.0
1.814e-05 1.521 0.0 0.0
1.816e-05 1.524 0.0 0.0
1.818e-05 1.527 0.0 0.0
1.82e-05 1.53 0.0 0.0
1.822e-05 1.533 0.0 0.0
1.824e-05 1.536 0.0 0.0
1.826e-05 1.539 0.0 0.0
1.828e-05 1.542 0.0 0.0
1.83e-05 1.545 0.0 0.0
1.832e-05 1.548 0.0 0.0
1.834e-05 1.551 0.0 0.0
1.836e-05 1.554 0.0 0.0
1.838e-05 1.557 0.0 0.0
1.84e-05 1.56 0.0 0.0
1.842e-05 1.563 0.0 0.0
1.844e-05 1.566 0.0 0.0
1.846e-05 1.569 0.0 0.0
1.848e-05 1.572 0.0 0.0
1.85e-05 1.575 0.0 0.0
1.852e-05 1.578 0.0 0.0
1.854e-05 1.581 0.0 0.0
1.856e-05 1.584 0.0 0.0
1.858e-05 1.587 0.0 0.0
1.86e-05 1.59 0.0 0.0
1.862e-05 1.593 0.0 0.0
1.864e-05 1.596 0.0 0.0
1.866e-05 1.599 0.0 0.0
1.868e-05 1.602 0.0 0.0
1.87e-05 1.605 0.0 0.0
1.872e-05 1.608 0.0 0.0
1.874e-05 1.611 0.0 0.0
1.876e-05 1.614 0.0 0.0
1.878e-05 1.617 0.0 0.0
1.88e-05 1.62 0.0 0.0
1.882e-05 1.623 0.0 0.0
1.884e-05 1.626 0.0 0.0
1.886e-05 1.629 0.0 0.0
1.888e-05 1.632 0.0 0.0
1.89e-05 1.635 0.0 0.0
1.892e-05 1.638 0.0 0.0
1.894e-05 1.641 0.0 0.0
1.896e-05 1.644 0.0 0.0
1.898e-05 1.647 0.0 0.0
1.9e-05 1.65 0.0 0.0
1.902e-05 1.653 0.0 0.0
1.904e-05 1.656 0.0 0.0
1.906e-05 1.659 0.0 0.0
1.908e-05 1.662 0.0 0.0
1.91e-05 1.665 0.0 0.0
1.912e-05 1.668 0.0 0.0
1.914e-05 1.671 0.0 0.0
1.916e-05 1.674 0.0 0.0
1.918e-05 1.677 0.0 0.0
1.92e-05 1.68 0.0 0.0
1.922e-05 1.683 0.0 0.0
1.924e-05 1.686 0.0 0.0
1.926e-05 1.689 0.0 0.0
1.928e-05 1.692 0.0 0.0
1.93e-05 1.695 0.0 0.0
1.932e-05 1.698 0.0 0.0
1.934e-05 1.701 0.0 0.0
1.936e-05 1.704 0.0 0.0
1.938e-05 1.707 0.0 0.0
1.94e-05 1.71 0.0 0.0
1.942e-05 1.713 0.0 0.0
1.944e-05 1.716 0.0 0.0
1.946e-05 1.719 0.0 0.0
1.948e-05 1.722 0.0 0.0
1.95e-05 1.725 0.0 0.0
1.952e-05 1.728 0.0 0.0
1.954e-05 1.731 0.0 0.0
1.956e-05 1.734 0.0 0.0
1.958e-05 1.737 0.0 0.0
1.96e-05 1.74 0.0 0.0
1.962e-05 1.743 0.0 0.0
1.964e-05 1.746 0.0 0.0
1.966e-05 1.749 0.0 0.0
1.968e-05 1.752 0.0 0.0
1.97e-05 1.755 0.0 0.0
1.972e-05 1.758 0.0 0.0
1.974e-05 1.761 0.0 0.0
1.976e-05 1.764 0.0 0.0
1.978e-05 1.767 0.0 0.0
1.98e-05 1.77 0.0 0.0
1.982e-05 1.773 0.0 0.0
1.984e-05 1.776 0.0 0.0
1.986e-05 1.779 0.0 0.0
1.988e-05 1.782 0.0 0.0
1.99e-05 1.785 0.0 0.0
1.992e-05 1.788 0.0 0.0
1.994e-05 1.791 0.0 0.0
1.996e-05 1.794 0.0 0.0
1.998e-05 1.797 0.0 0.0
2e-05 1.8 0.0 0.0
2.002e-05 1.803 0.0 0.0
2.004e-05 1.806 0.0 0.0
2.006e-05 1.809 0.0 0.0
2.008e-05 1.812 0.0 0.0
2.01e-05 1.815 0.0 0.0
2.012e-05 1.818 0.0 0.0
2.014e-05 1.821 0.0 0.0
2.016e-05 1.824 0.0 0.0
2.018e-05 1.827 0.0 0.0
2.02e-05 1.83 0.0 0.0
2.022e-05 1.833 0.0 0.0
2.024e-05 1.836 0.0 0.0
2.026e-05 1.839 0.0 0.0
2.028e-05 1.842 0.0 0.0
2.03e-05 1.845 0.0 0.0
2.032e-05 1.848 0.0 0.0
2.034e-05 1.851 0.0 0.0
2.036e-05 1.854 0.0 0.0
2.038e-05 1.857 0.0 0.0
2.04e-05 1.86 0.0 0.0
2.042e-05 1.863 0.0 0.0
2.044e-05 1.866 0.0 0.0
2.046e-05 1.869 0.0 0.0
2.048e-05 1.872 0.0 0.0
2.05e-05 1.875 0.0 0.0
2.052e-05 1.878 0.0 0.0
2.054e-05 1.881 0.0 0.0
2.056e-05 1.884 0.0 0.0
2.058e-05 1.887 0.0 0.0
2.06e-05 1.89 0.0 0.0
2.062e-05 1.893 0.0 0.0
2.064e-05 1.896 0.0 0.0
2.066e-05 1.899 0.0 0.0
2.068e-05 1.902 0.0 0.0
2.07e-05 1.905 0.0 0.0
2.072e-05 1.908 0.0 0.0
2.074e-05 1.911 0.0 0.0
2.076e-05 1.914 0.0 0.0
2.078e-05 1.917 0.0 0.0
2.08e-05 1.92 0.0 0.0
2.082e-05 1.923 0.0 0.0
2.084e-05 1.926 0.0 0.0
2.086e-05 1.929 0.0 0.0
2.088e-05 1.932 0.0 0.0
2.09e-05 1.935 0.0 0.0
2.092e-05 1.938 0.0 0.0
2.094e-05 1.941 0.0 0.0
2.096e-05 1.944 0.0 0.0
2.098e-05 1.947 0.0 0.0
2.1e-05 1.95 0.0 0.0
2.102e-05 1.953 0.0 0.0
2.104e-05 1.956 0.0 0.0
2.106e-05 1.959 0.0 0.0
2.108e-05 1.962 0.0 0.0
2.11e-05 1.965 0.0 0.0
2.112e-05 1.968 0.0 0.0
2.114e-05 1.971 0.0 0.0
2.116e-05 1.974 0.0 0.0
2.118e-05 1.977 0.0 0.0
2.12e-05 1.98 0.0 0.0
2.122e-05 1.983 0.0 0.0
2.124e-05 1.986 0.0 0.0
2.126e-05 1.989 0.0 0.0
2.128e-05 1.992 0.0 0.0
2.13e-05 1.995 0.0 0.0
2.132e-05 1.998 0.0 0.0
2.134e-05 2.001 0.0 0.0
2.136e-05 2.004 0.0 0.0
2.138e-05 2.007 0.0 0.0
2.14e-05 2.01 0.0 0.0
2.142e-05 2.013 0.0 0.0
2.144e-05 2.016 0.0 0.0
2.146e-05 2.019 0.0 0.0
2.148e-05 2.022 0.0 0.0
2.15e-05 2.025 0.0 0.0
2.152e-05 2.028 0.0 0.0
2.154e-05 2.031 0.0 0.0
2.156e-05 2.034 0.0 0.0
2.158e-05 2.037 0.0 0.0
2.16e-05 2.04 0.0 0.0
2.162e-05 2.043 0.0 0.0
2.164e-05 2.046 0.0 0.0
2.166e-05 2.049 0.0 0.0
2.168e-05 2.052 0.0 0.0
2.17e-05 2.055 0.0 0.0
2.172e-05 2.058 0.0 0.0
2.174e-05 2.061 0.0 0.0
2.176e-05 2.064 0.0 0.0
2.178e-05 2.067 0.0 0.0
2.18e-05 2.07 0.0 0.0
2.182e-05 2.073 0.0 0.0
2.184e-05 2.076 0.0 0.0
2.186e-05 2.079 0.0 0.0
2.188e-05 2.082 0.0 0.0
2.19e-05 2.085 0.0 0.0
2.192e-05 2.088 0.0 0.0
2.194e-05 2.091 0.0 0.0
2.196e-05 2.094 0.0 0.0
2.198e-05 2.097 0.0 0.0
2.2e-05 2.1 0.0 0.0
2.202e-05 2.103 0.0 0.0
2.204e-05 2.106 0.0 0.0
2.206e-05 2.109 0.0 0.0
2.208e-05 2.112 0.0 0.0
2.21e-05 2.115 0.0 0.0
2.212e-05 2.118 0.0 0.0
2.214e-05 2.121 0.0 0.0
2.216e-05 2.124 0.0 0.0
2.218e-05 2.127 0.0 0.0
2.22e-05 2.13 0.0 0.0
2.222e-05 2.133 0.0 0.0
2.224e-05 2.136 0.0 0.0
2.226e-05 2.139 0.0 0.0
2.228e-05 2.142 0.0 0.0
2.23e-05 2.145 0.0 0.0
2.232e-05 2.148 0.0 0.0
2.234e-05 2.151 0.0 0.0
2.236e-05 2.154 0.0 0.0
2.238e-05 2.157 0.0 0.0
2.24e-05 2.16 0.0 0.0
2.242e-05 2.163 0.0 0.0
2.244e-05 2.166 0.0 0.0
2.246e-05 2.169 0.0 0.0
2.248e-05 2.172 0.0 0.0
2.25e-05 2.175 0.0 0.0
2.252e-05 2.178 0.0 0.0
2.254e-05 2.181 0.0 0.0
2.256e-05 2.184 0.0 0.0
2.258e-05 2.187 0.0 0.0
2.26e-05 2.19 0.0 0.0
2.262e-05 2.193 0.0 0.0
2.264e-05 2.196 0.0 0.0
2.266e-05 2.199 0.0 0.0
2.268e-05 2.202 0.0 0.0
2.27e-05 2.205 0.0 0.0
2.272e-05 2.208 0.0 0.0
2.274e-05 2.211 0.0 0.0
2.276e-05 2.214 0.0 0.0
2.278e-05 2.217 0.0 0.0
2.28e-05 2.22 0.0 0.0
2.282e-05 2.223 0.0 0.0
2.284e-05 2.226 0.0 0.0
2.286e-05 2.229 0.0 0.0
2.288e-05 2.232 0.0 0.0
2.29e-05 2.235 0.0 0.0
2.292e-05 2.238 0.0 0.0
2.294e-05 2.241 0.0 0.0
2.296e-05 2.244 0.0 0.0
2.298e-05 2.247 0.0 0.0
2.3e-05 2.25 0.0 0.0
2.302e-05 2.253 0.0 0.0
2.304e-05 2.256 0.0 0.0
2.306e-05 2.259 0.0 0.0
2.308e-05 2.262 0.0 0.0
2.31e-05 2.265 0.0 0.0
2.312e-05 2.268 0.0 0.0
2.314e-05 2.271 0.0 0.0
2.316e-05 2.274 0.0 0.0
2.318e-05 2.277 0.0 0.0
2.32e-05 2.28 0.0 0.0
2.322e-05 2.283 0.0 0.0
2.324e-05 2.286 0.0 0.0
2.326e-05 2.289 0.0 0.0
2.328e-05 2.292 0.0 0.0
2.33e-05 2.295 0.0 0.0
2.332e-05 2.298 0.0 0.0
2.334e-05 2.301 0.0 0.0
2.336e-05 2.304 0.0 0.0
2.338e-05 2.307 0.0 0.0
2.34e-05 2.31 0.0 0.0
2.342e-05 2.313 0.0 0.0
2.344e-05 2.316 0.0 0.0
2.346e-05 2.319 0.0 0.0
2.348e-05 2.322 0.0 0.0
2.35e-05 2.325 0.0 0.0
2.352e-05 2.328 0.0 0.0
2.354e-05 2.331 0.0 0.0
2.356e-05 2.334 0.0 0.0
2.358e-05 2.337 0.0 0.0
2.36e-05 2.34 0.0 0.0
2.362e-05 2.343 0.0 0.0
2.364e-05 2.346 0.0 0.0
2.366e-05 2.349 0.0 0.0
2.368e-05 2.352 0.0 0.0
2.37e-05 2.355 0.0 0.0
2.372e-05 2.358 0.0 0.0
2.374e-05 2.361 0.0 0.0
2.376e-05 2.364 0.0 0.0
2.378e-05 2.367 0.0 0.0
2.38e-05 2.37 0.0 0.0
2.382e-05 2.373 0.0 0.0
2.384e-05 2.376 0.0 0.0
2.386e-05 2.379 0.0 0.0
2.388e-05 2.382 0.0 0.0
2.39e-05 2.385 0.0 0.0
2.392e-05 2.388 0.0 0.0
2.394e-05 2.391 0.0 0.0
2.396e-05 2.394 0.0 0.0
2.398e-05 2.397 0.0 0.0
2.4e-05 2.4 0.0 0.0
2.402e-05 2.403 0.0 0.0
2.404e-05 2.406 0.0 0.0
2.406e-05 2.409 0.0 0.0
2.408e-05 2.412 0.0 0.0
2.41e-05 2.415 0.0 0.0
2.412e-05 2.418 0.0 0.0
2.414e-05 2.421 0.0 0.0
2.416e-05 2.424 0.0 0.0
2.418e-05 2.427 0.0 0.0
2.42e-05 2.43 0.0 0.0
2.422e-05 2.433 0.0 0.0
2.424e-05 2.436 0.0 0.0
2.426e-05 2.439 0.0 0.0
2.428e-05 2.442 0.0 0.0
2.43e-05 2.445 0.0 0.0
2.432e-05 2.448 0.0 0.0
2.434e-05 2.451 0.0 0.0
2.436e-05 2.454 0.0 0.0
2.438e-05 2.457 0.0 0.0
2.44e-05 2.46 0.0 0.0
2.442e-05 2.463 0.0 0.0
2.444e-05 2.466 0.0 0.0
2.446e-05 2.469 0.0 0.0
2.448e-05 2.472 0.0 0.0
2.45e-05 2.475 0.0 0.0
2.452e-05 2.478 0.0 0.0
2.454e-05 2.481 0.0 0.0
2.456e-05 2.484 0.0 0.0
2.458e-05 2.487 0.0 0.0
2.46e-05 2.49 0.0 0.0
2.462e-05 2.493 0.0 0.0
2.464e-05 2.496 0.0 0.0
2.466e-05 2.499 0.0 0.0
2.468e-05 2.502 0.0 0.0
2.47e-05 2.505 0.0 0.0
2.472e-05 2.508 0.0 0.0
2.474e-05 2.511 0.0 0.0
2.476e-05 2.514 0.0 0.0
2.478e-05 2.517 0.0 0.0
2.48e-05 2.52 0.0 0.0
2.482e-05 2.523 0.0 0.0
2.484e-05 2.526 0.0 0.0
2.486e-05 2.529 0.0 0.0
2.488e-05 2.532 0.0 0.0
2.49e-05 2.535 0.0 0.0
2.492e-05 2.538 0.0 0.0
2.494e-05 2.541 0.0 0.0
2.496e-05 2.544 0.0 0.0
2.498e-05 2.547 0.0 0.0
2.5e-05 2.55 0.0 0.0
2.502e-05 2.553 0.0 0.0
2.504e-05 2.556 0.0 0.0
2.506e-05 2.559 0.0 0.0
2.508e-05 2.562 0.0 0.0
2.51e-05 2.565 0.0 0.0
2.512e-05 2.568 0.0 0.0
2.514e-05 2.571 0.0 0.0
2.516e-05 2.574 0.0 0.0
2.518e-05 2.577 0.0 0.0
2.52e-05 2.58 0.0 0.0
2.522e-05 2.583 0.0 0.0
2.524e-05 2.586 0.0 0.0
2.526e-05 2.589 0.0 0.0
2.528e-05 2.592 0.0 0.0
2.53e-05 2.595 0.0 0.0
2.532e-05 2.598 0.0 0.0
2.534e-05 2.601 0.0 0.0
2.536e-05 2.604 0.0 0.0
2.538e-05 2.607 0.0 0.0
2.54e-05 2.61 0.0 0.0
2.542e-05 2.613 0.0 0.0
2.544e-05 2.616 0.0 0.0
2.546e-05 2.619 0.0 0.0
2.548e-05 2.622 0.0 0.0
2.55e-05 2.625 0.0 0.0
2.552e-05 2.628 0.0 0.0
2.554e-05 2.631 0.0 0.0
2.556e-05 2.634 0.0 0.0
2.558e-05 2.637 0.0 0.0
2.56e-05 2.64 0.0 0.0
2.562e-05 2.643 0.0 0.0
2.564e-05 2.646 0.0 0.0
2.566e-05 2.649 0.0 0.0
2.568e-05 2.652 0.0 0.0
2.57e-05 2.655 0.0 0.0
2.572e-05 2.658 0.0 0.0
2.574e-05 2.661 0.0 0.0
2.576e-05 2.664 0.0 0.0
2.578e-05 2.667 0.0 0.0
2.58e-05 2.67 0.0 0.0
2.582e-05 2.673 0.0 0.0
2.584e-05 2.676 0.0 0.0
2.586e-05 2.679 0.0 0.0
2.588e-05 2.682 0.0 0.0
2.59e-05 2.685 0.0 0.0
2.592e-05 2.688 0.0 0.0
2.594e-05 2.691 0.0 0.0
2.596e-05 2.694 0.0 0.0
2.598e-05 2.697 0.0 0.0
2.6e-05 2.7 0.0 0.0
2.602e-05 2.703 0.0 0.0
2.604e-05 2.706 0.0 0.0
2.606e-05 2.709 0.0 0.0
2.608e-05 2.712 0.0 0.0
2.61e-05 2.715 0.0 0.0
2.612e-05 2.718 0.0 0.0
2.614e-05 2.721 0.0 0.0
2.616e-05 2.724 0.0 0.0
2.618e-05 2.727 0.0 0.0
2.62e-05 2.73 0.0 0.0
2.622e-05 2.733 0.0 0.0
2.624e-05 2.736 0.0 0.0
2.626e-05 2.739 0.0 0.0
2.628e-05 2.742 0.0 0.0
2.63e-05 2.745 0.0 0.0
2.632e-05 2.748 0.0 0.0
2.634e-05 2.751 0.0 0.0
2.636e-05 2.754 0.0 0.0
2.638e-05 2.757 0.0 0.0
2.64e-05 2.76 0.0 0.0
2.642e-05 2.763 0.0 0.0
2.644e-05 2.766 0.0 0.0
2.646e-05 2.769 0.0 0.0
2.648e-05 2.772 0.0 0.0
2.65e-05 2.775 0.0 0.0
2.652e-05 2.778 0.0 0.0
2.654e-05 2.781 0.0 0.0
2.656e-05 2.784 0.0 0.0
2.658e-05 2.787 0.0 0.0
2.66e-05 2.79 0.0 0.0
2.662e-05 2.793 0.0 0.0
2.664e-05 2.796 0.0 0.0
2.666e-05 2.799 0.0 0.0
2.668e-05 2.802 0.0 0.0
2.67e-05 2.805 0.0 0.0
2.672e-05 2.808 0.0 0.0
2.674e-05 2.811 0.0 0.0
2.676e-05 2.814 0.0 0.0
2.678e-05 2.817 0.0 0.0
2.68e-05 2.82 0.0 0.0
2.682e-05 2.823 0.0 0.0
2.684e-05 2.826 0.0 0.0
2.686e-05 2.829 0.0 0.0
2.688e-05 2.832 0.0 0.0
2.69e-05 2.835 0.0 0.0
2.692e-05 2.838 0.0 0.0
2.694e-05 2.841 0.0 0.0
2.696e-05 2.844 0.0 0.0
2.698e-05 2.847 0.0 0.0
2.7e-05 2.85 0.0 0.0
2.702e-05 2.853 0.0 0.0
2.704e-05 2.856 0.0 0.0
2.706e-05 2.859 0.0 0.0
2.708e-05 2.862 0.0 0.0
2.71e-05 2.865 0.0 0.0
2.712e-05 2.868 0.0 0.0
2.714e-05 2.871 0.0 0.0
2.716e-05 2.874 0.0 0.0
2.718e-05 2.877 0.0 0.0
2.72e-05 2.88 0.0 0.0
2.722e-05 2.883 0.0 0.0
2.724e-05 2.886 0.0 0.0
2.726e-05 2.889 0.0 0.0
2.728e-05 2.892 0.0 0.0
2.73e-05 2.895 0.0 0.0
2.732e-05 2.898 0.0 0.0
2.734e-05 2.901 0.0 0.0
2.736e-05 2.904 0.0 0.0
2.738e-05 2.907 0.0 0.0
2.74e-05 2.91 0.0 0.0
2.742e-05 2.913 0.0 0.0
2.744e-05 2.916 0.0 0.0
2.746e-05 2.919 0.0 0.0
2.748e-05 2.922 0.0 0.0
2.75e-05 2.925 0.0 0.0
2.752e-05 2.928 0.0 0.0
2.754e-05 2.931 0.0 0.0
2.756e-05 2.934 0.0 0.0
2.758e-05 2.937 0.0 0.0
2.76e-05 2.94 0.0 0.0
2.762e-05 2.943 0.0 0.0
2.764e-05 2.946 0.0 0.0
2.766e-05 2.949 0.0 0.0
2.768e-05 2.952 0.0 0.0
2.77e-05 2.955 0.0 0.0
2.772e-05 2.958 0.0 0.0
2.774e-05 2.961 0.0 0.0
2.776e-05 2.964 0.0 0.0
2.778e-05 2.967 0.0 0.0
2.78e-05 2.97 0.0 0.0
2.782e-05 2.973 0.0 0.0
2.784e-05 2.976 0.0 0.0
2.786e-05 2.979 0.0 0.0
2.788e-05 2.982 0.0 0.0
2.79e-05 2.985 0.0 0.0
2.792e-05 2.988 0.0 0.0
2.794e-05 2.991 0.0 0.0
2.796e-05 2.994 0.0 0.0
2.798e-05 2.997 0.0 0.0
2.8e-05 3.0 0.0 0.0
2.802e-05 3.003 0.0 0.0
2.804e-05 3.006 0.0 0.0
2.806e-05 3.009 0.0 0.0
2.808e-05 3.012 0.0 0.0
2.81e-05 3.015 0.0 0.0
2.812e-05 3.018 0.0 0.0
2.814e-05 3.021 0.0 0.0
2.816e-05 3.024 0.0 0.0
2.818e-05 3.027 0.0 0.0
2.82e-05 3.03 0.0 0.0
2.822e-05 3.033 0.0 0.0
2.824e-05 3.036 0.0 0.0
2.826e-05 3.039 0.0 0.0
2.828e-05 3.042 0.0 0.0
2.83e-05 3.045 0.0 0.0
2.832e-05 3.048 0.0 0.0
2.834e-05 3.051 0.0 0.0
2.836e-05 3.054 0.0 0.0
2.838e-05 3.057 0.0 0.0
2.84e-05 3.06 0.0 0.0
2.842e-05 3.063 0.0 0.0
2.844e-05 3.066 0.0 0.0
2.846e-05 3.069 0.0 0.0
2.848e-05 3.072 0.0 0.0
2.85e-05 3.075 0.0 0.0
2.852e-05 3.078 0.0 0.0
2.854e-05 3.081 0.0 0.0
2.856e-05 3.084 0.0 0.0
2.858e-05 3.087 0.0 0.0
2.86e-05 3.09 0.0 0.0
2.862e-05 3.093 0.0 0.0
2.864e-05 3.096 0.0 0.0
2.866e-05 3.099 0.0 0.0
2.868e-05 3.102 0.0 0.0
2.87e-05 3.105 0.0 0.0
2.872e-05 3.108 0.0 0.0
2.874e-05 3.111 0.0 0.0
2.876e-05 3.114 0.0 0.0
2.878e-05 3.117 0.0 0.0
2.88e-05 3.12 0.0 0.0
2.882e-05 3.123 0.0 0.0
2.884e-05 3.126 0.0 0.0
2.886e-05 3.129 0.0 0.0
2.888e-05 3.132 0.0 0.0
2.89e-05 3.135 0.0 0.0
2.892e-05 3.138 0.0 0.0
2.894e-05 3.141 0.0 0.0
2.896e-05 3.144 0.0 0.0
2.898e-05 3.147 0.0 0.0
2.9e-05 3.15 0.0 0.0
2.902e-05 3.153 0.0 0.0
2.904e-05 3.156 0.0 0.0
2.906e-05 3.159 0.0 0.0
2.908e-05 3.162 0.0 0.0
2.91e-05 3.165 0.0 0.0
2.912e-05 3.168 0.0 0.0
2.914e-05 3.171 0.0 0.0
2.916e-05 3.174 0.0 0.0
2.918e-05 3.177 0.0 0.0
2.92e-05 3.18 0.0 0.0
2.922e-05 3.183 0.0 0.0
2.924e-05 3.186 0.0 0.0
2.926e-05 3.189 0.0 0.0
2.928e-05 3.192 0.0 0.0
2.93e-05 3.195 0.0 0.0
2.932e-05 3.198 0.0 0.0
2.934e-05 3.201 0.0 0.0
2.936e-05 3.204 0.0 0.0
2.938e-05 3.207 0.0 0.0
2.94e-05 3.21 0.0 0.0
2.942e-05 3.213 0.0 0.0
2.944e-05 3.216 0.0 0.0
2.946e-05 3.219 0.0 0.0
2.948e-05 3.222 0.0 0.0
2.95e-05 3.225 0.0 0.0
2.952e-05 3.228 0.0 0.0
2.954e-05 3.231 0.0 0.0
2.956e-05 3.234 0.0 0.0
2.958e-05 3.237 0.0 0.0
2.96e-05 3.24 0.0 0.0
2.962e-05 3.243 0.0 0.0
2.964e-05 3.246 0.0 0.0
2.966e-05 3.249 0.0 0.0
2.968e-05 3.252 0.0 0.0
2.97e-05 3.255 0.0 0.0
2.972e-05 3.258 0.0 0.0
2.974e-05 3.261 0.0 0.0
2.976e-05 3.264 0.0 0.0
2.978e-05 3.267 0.0 0.0
2.98e-05 3.27 0.0 0.0
2.982e-05 3.273 0.0 0.0
2.984e-05 3.276 0.0 0.0
2.986e-05 3.279 0.0 0.0
2.988e-05 3.282 0.0 0.0
2.99e-05 3.285 0.0 0.0
2.992e-05 3.288 0.0 0.0
2.994e-05 3.291 0.0 0.0
2.996e-05 3.294 0.0 0.0
