# (t in s) (c0 tau in cm) (p(tau) in MPa) (p(tau) in arb. units)
0.0 -1.2 0.0 0.0
2e-08 -1.197 0.0 0.0
4e-08 -1.194 0.0 0.0
6e-08 -1.191 0.0 0.0
8e-08 -1.188 0.0 0.0
1e-07 -1.185 0.0 0.0
1.2e-07 -1.182 0.0 0.0
1.4e-07 -1.179 0.0 0.0
1.6e-07 -1.176 0.0 0.0
1.8e-07 -1.173 0.0 0.0
2e-07 -1.17 0.0 0.0
2.2e-07 -1.167 0.0 0.0
2.4e-07 -1.164 0.0 0.0
2.6e-07 -1.161 0.0 0.0
2.8e-07 -1.158 0.0 0.0
3e-07 -1.155 0.0 0.0
3.2e-07 -1.152 0.0 0.0
3.4e-07 -1.149 0.0 0.0
3.6e-07 -1.146 0.0 0.0
3.8e-07 -1.143 0.0 0.0
4e-07 -1.14 0.0 0.0
4.2e-07 -1.137 0.0 0.0
4.4e-07 -1.134 0.0 0.0
4.6e-07 -1.131 0.0 0.0
4.8e-07 -1.128 0.0 0.0
5e-07 -1.125 0.0 0.0
5.2e-07 -1.122 0.0 0.0
5.4e-07 -1.119 0.0 0.0
5.6e-07 -1.116 0.0 0.0
5.8e-07 -1.113 0.0 0.0
6e-07 -1.11 0.0 0.0
6.2e-07 -1.107 0.0 0.0
6.4e-07 -1.104 0.0 0.0
6.6e-07 -1.101 0.0 0.0
6.8e-07 -1.098 0.0 0.0
7e-07 -1.095 0.0 0.0
7.2e-07 -1.092 0.0 0.0
7.4e-07 -1.089 0.0 0.0
7.6e-07 -1.086 0.0 0.0
7.8e-07 -1.083 0.0 0.0
8e-07 -1.08 0.0 0.0
8.2e-07 -1.077 0.0 0.0
8.4e-07 -1.074 0.0 0.0
8.6e-07 -1.071 0.0 0.0
8.8e-07 -1.068 0.0 0.0
9e-07 -1.065 0.0 0.0
9.2e-07 -1.062 0.0 0.0
9.4e-07 -1.059 0.0 0.0
9.6e-07 -1.056 0.0 0.0
9.8e-07 -1.053 0.0 0.0
1e-06 -1.05 0.0 0.0
1.02e-06 -1.047 0.0 0.0
1.04e-06 -1.044 0.0 0.0
1.06e-06 -1.041 0.0 0.0
1.08e-06 -1.038 0.0 0.0
1.1e-06 -1.035 0.0 0.0
1.12e-06 -1.032 0.0 0.0
1.14e-06 -1.029 0.0 0.0
1.16e-06 -1.026 0.0 0.0
1.18e-06 -1.023 0.0 0.0
1.2e-06 -1.02 0.0 0.0
1.22e-06 -1.017 0.0 0.0
1.24e-06 -1.014 0.0 0.0
1.26e-06 -1.011 0.0 0.0
1.28e-06 -1.008 0.0 0.0
1.3e-06 -1.005 0.0 0.0
1.32e-06 -1.002 0.0 0.0
1.34e-06 -0.999 0.0 0.0
1.36e-06 -0.996 0.0 0.0
1.38e-06 -0.993 0.0 0.0
1.4e-06 -0.99 0.0 0.0
1.42e-06 -0.987 0.0 0.0
1.44e-06 -0.984 0.0 0.0
1.46e-06 -0.981 0.0 0.0
1.48e-06 -0.978 0.0 0.0
1.5e-06 -0.975 0.0 0.0
1.52e-06 -0.972 0.0 0.0
1.54e-06 -0.969 0.0 0.0
1.56e-06 -0.966 0.0 0.0
1.58e-06 -0.963 0.0 0.0
1.6e-06 -0.96 0.0 0.0
1.62e-06 -0.957 0.0 0.0
1.64e-06 -0.954 0.0 0.0
1.66e-06 -0.951 0.0 0.0
1.68e-06 -0.948 0.0 0.0
1.7e-06 -0.945 0.0 0.0
1.72e-06 -0.942 0.0 0.0
1.74e-06 -0.939 0.0 0.0
1.76e-06 -0.936 0.0 0.0
1.78e-06 -0.933 0.0 0.0
1.8e-06 -0.93 0.0 0.0
1.82e-06 -0.927 0.0 0.0
1.84e-06 -0.924 0.0 0.0
1.86e-06 -0.921 0.0 0.0
1.88e-06 -0.918 0.0 0.0
1.9e-06 -0.915 0.0 0.0
1.92e-06 -0.912 0.0 0.0
1.94e-06 -0.909 0.0 0.0
1.96e-06 -0.906 0.0 0.0
1.98e-06 -0.903 0.0 0.0
2e-06 -0.9 0.0 0.0
2.02e-06 -0.897 0.0 0.0
2.04e-06 -0.894 0.0 0.0
2.06e-06 -0.891 0.0 0.0
2.08e-06 -0.888 0.0 0.0
2.1e-06 -0.885 0.0 0.0
2.12e-06 -0.882 0.0 0.0
2.14e-06 -0.879 0.0 0.0
2.16e-06 -0.876 0.0 0.0
2.18e-06 -0.873 0.0 0.0
2.2e-06 -0.87 0.0 0.0
2.22e-06 -0.867 0.0 0.0
2.24e-06 -0.864 0.0 0.0
2.26e-06 -0.861 0.0 0.0
2.28e-06 -0.858 0.0 0.0
2.3e-06 -0.855 0.0 0.0
2.32e-06 -0.852 0.0 0.0
2.34e-06 -0.849 0.0 0.0
2.36e-06 -0.846 0.0 0.0
2.38e-06 -0.843 0.0 0.0
2.4e-06 -0.84 0.0 0.0
2.42e-06 -0.837 0.0 0.0
2.44e-06 -0.834 0.0 0.0
2.46e-06 -0.831 0.0 0.0
2.48e-06 -0.828 0.0 0.0
2.5e-06 -0.825 0.0 0.0
2.52e-06 -0.822 0.0 0.0
2.54e-06 -0.819 0.0 0.0
2.56e-06 -0.816 0.0 0.0
2.58e-06 -0.813 0.0 0.0
2.6e-06 -0.81 0.0 0.0
2.62e-06 -0.807 0.0 0.0
2.64e-06 -0.804 0.0 0.0
2.66e-06 -0.801 0.0 0.0
2.68e-06 -0.798 0.0 0.0
2.7e-06 -0.795 0.0 0.0
2.72e-06 -0.792 0.0 0.0
2.74e-06 -0.789 0.0 0.0
2.76e-06 -0.786 0.0 0.0
2.78e-06 -0.783 0.0 0.0
2.8e-06 -0.78 0.0 0.0
2.82e-06 -0.777 0.0 0.0
2.84e-06 -0.774 0.0 0.0
2.86e-06 -0.771 0.0 0.0
2.88e-06 -0.768 0.0 0.0
2.9e-06 -0.765 0.0 0.0
2.92e-06 -0.762 0.0 0.0
2.94e-06 -0.759 0.0 0.0
2.96e-06 -0.756 0.0 0.0
2.98e-06 -0.753 0.0 0.0
3e-06 -0.75 0.0 0.0
3.02e-06 -0.747 0.0 0.0
3.04e-06 -0.744 0.0 0.0
3.06e-06 -0.741 0.0 0.0
3.08e-06 -0.738 0.0 0.0
3.1e-06 -0.735 0.0 0.0
3.12e-06 -0.732 0.0 0.0
3.14e-06 -0.729 0.0 0.0
3.16e-06 -0.726 0.0 0.0
3.18e-06 -0.723 0.0 0.0
3.2e-06 -0.72 0.0 0.0
3.22e-06 -0.717 0.0 0.0
3.24e-06 -0.714 0.0 0.0
3.26e-06 -0.711 0.0 0.0
3.28e-06 -0.708 0.0 0.0
3.3e-06 -0.705 0.0 0.0
3.32e-06 -0.702 0.0 0.0
3.34e-06 -0.699 0.0 0.0
3.36e-06 -0.696 0.0 0.0
3.38e-06 -0.693 0.0 0.0
3.4e-06 -0.69 0.0 0.0
3.42e-06 -0.687 0.0 0.0
3.44e-06 -0.684 0.0 0.0
3.46e-06 -0.681 0.0 0.0
3.48e-06 -0.678 0.0 0.0
3.5e-06 -0.675 0.0 0.0
3.52e-06 -0.672 0.0 0.0
3.54e-06 -0.669 0.0 0.0
3.56e-06 -0.666 0.0 0.0
3.58e-06 -0.663 0.0 0.0
3.6e-06 -0.66 0.0 0.0
3.62e-06 -0.657 0.0 0.0
3.64e-06 -0.654 0.0 0.0
3.66e-06 -0.651 0.0 0.0
3.68e-06 -0.648 0.0 0.0
3.7e-06 -0.645 0.0 0.0
3.72e-06 -0.642 0.0 0.0
3.74e-06 -0.639 0.0 0.0
3.76e-06 -0.636 0.0 0.0
3.78e-06 -0.633 0.0 0.0
3.8e-06 -0.63 0.0 0.0
3.82e-06 -0.627 0.0 0.0
3.84e-06 -0.624 0.0 0.0
3.86e-06 -0.621 0.0 0.0
3.88e-06 -0.618 0.0 0.0
3.9e-06 -0.615 0.0 0.0
3.92e-06 -0.612 0.0 0.0
3.94e-06 -0.609 0.0 0.0
3.96e-06 -0.606 0.0 0.0
3.98e-06 -0.603 0.0 0.0
4e-06 -0.6 0.0 0.0
4.02e-06 -0.597 0.0 0.0
4.04e-06 -0.594 0.0 0.0
4.06e-06 -0.591 0.0 0.0
4.08e-06 -0.588 0.0 0.0
4.1e-06 -0.585 0.0 0.0
4.12e-06 -0.582 0.0 0.0
4.14e-06 -0.579 0.0 0.0
4.16e-06 -0.576 0.0 0.0
4.18e-06 -0.573 0.0 0.0
4.2e-06 -0.57 0.0 0.0
4.22e-06 -0.567 0.0 0.0
4.24e-06 -0.564 0.0 0.0
4.26e-06 -0.561 0.0 0.0
4.28e-06 -0.558 0.0 0.0
4.3e-06 -0.555 0.0 0.0
4.32e-06 -0.552 0.0 0.0
4.34e-06 -0.549 0.0 0.0
4.36e-06 -0.546 0.0 0.0
4.38e-06 -0.543 0.0 0.0
4.4e-06 -0.54 0.0 0.0
4.42e-06 -0.537 0.0 0.0
4.44e-06 -0.534 0.0 0.0
4.46e-06 -0.531 0.0 0.0
4.48e-06 -0.528 0.0 0.0
4.5e-06 -0.525 0.0 0.0
4.52e-06 -0.522 0.0 0.0
4.54e-06 -0.519 0.0 0.0
4.56e-06 -0.516 0.0 0.0
4.58e-06 -0.513 0.0 0.0
4.6e-06 -0.51 0.0 0.0
4.62e-06 -0.507 0.0 0.0
4.64e-06 -0.504 0.0 0.0
4.66e-06 -0.501 0.0 0.0
4.68e-06 -0.498 0.0 0.0
4.7e-06 -0.495 0.0 0.0
4.72e-06 -0.492 0.0 0.0
4.74e-06 -0.489 0.0 0.0
4.76e-06 -0.486 0.0 0.0
4.78e-06 -0.483 0.0 0.0
4.8e-06 -0.48 0.0 0.0
4.82e-06 -0.477 0.0 0.0
4.84e-06 -0.474 0.0 0.0
4.86e-06 -0.471 0.0 0.0
4.88e-06 -0.468 0.0 0.0
4.9e-06 -0.465 0.0 0.0
4.92e-06 -0.462 0.0 0.0
4.94e-06 -0.459 0.0 0.0
4.96e-06 -0.456 0.0 0.0
4.98e-06 -0.453 0.0 0.0
5e-06 -0.45 0.0 0.0
5.02e-06 -0.447 0.0 0.0
5.04e-06 -0.444 0.0 0.0
5.06e-06 -0.441 0.0 0.0
5.08e-06 -0.438 0.0 0.0
5.1e-06 -0.435 0.0 0.0
5.12e-06 -0.432 0.0 0.0
5.14e-06 -0.429 0.0 0.0
5.16e-06 -0.426 0.0 0.0
5.18e-06 -0.423 0.0 0.0
5.2e-06 -0.42 0.0 0.0
5.22e-06 -0.417 0.0 0.0
5.24e-06 -0.414 0.0 0.0
5.26e-06 -0.411 0.0 0.0
5.28e-06 -0.408 0.0 0.0
5.3e-06 -0.405 0.0 0.0
5.32e-06 -0.402 0.0 0.0
5.34e-06 -0.399 0.0 0.0
5.36e-06 -0.396 0.0 0.0
5.38e-06 -0.393 0.0 0.0
5.4e-06 -0.39 0.0 0.0
5.42e-06 -0.387 0.0 0.0
5.44e-06 -0.384 0.0 0.0
5.46e-06 -0.381 0.0 0.0
5.48e-06 -0.378 0.0 0.0
5.5e-06 -0.375 0.0 0.0
5.52e-06 -0.372 0.0 0.0
5.54e-06 -0.369 0.0 0.0
5.56e-06 -0.366 0.0 0.0
5.58e-06 -0.363 0.0 0.0
5.6e-06 -0.36 0.0 0.0
5.62e-06 -0.357 0.0 0.0
5.64e-06 -0.354 0.0 0.0
5.66e-06 -0.351 0.0 0.0
5.68e-06 -0.348 0.0 0.0
5.7e-06 -0.345 0.0 0.0
5.72e-06 -0.342 0.0 0.0
5.74e-06 -0.339 0.0 0.0
5.76e-06 -0.336 0.0 0.0
5.78e-06 -0.333 0.0 0.0
5.8e-06 -0.33 0.0 0.0
5.82e-06 -0.327 0.0 0.0
5.84e-06 -0.324 0.0 0.0
5.86e-06 -0.321 0.0 0.0
5.88e-06 -0.318 0.0 0.0
5.9e-06 -0.315 0.0 0.0
5.92e-06 -0.312 0.0 0.0
5.94e-06 -0.309 0.0 0.0
5.96e-06 -0.306 0.0 0.0
5.98e-06 -0.303 0.0 0.0
6e-06 -0.3 0.0 0.0
6.02e-06 -0.297 0.0 0.0
6.04e-06 -0.294 0.0 0.0
6.06e-06 -0.291 0.0 0.0
6.08e-06 -0.288 0.0 0.0
6.1e-06 -0.285 0.0 0.0
6.12e-06 -0.282 0.0 0.0
6.14e-06 -0.279 0.0 0.0
6.16e-06 -0.276 0.0 0.0
6.18e-06 -0.273 0.0 0.0
6.2e-06 -0.27 0.0 0.0
6.22e-06 -0.267 0.0 0.0
6.24e-06 -0.264 0.0 0.0
6.26e-06 -0.261 0.0 0.0
6.28e-06 -0.258 0.0 0.0
6.3e-06 -0.255 0.0 0.0
6.32e-06 -0.252 0.0 0.0
6.34e-06 -0.249 0.0 0.0
6.36e-06 -0.246 0.0 0.0
6.38e-06 -0.243 0.0 0.0
6.4e-06 -0.24 0.0 0.0
6.42e-06 -0.237 0.0 0.0
6.44e-06 -0.234 0.0 0.0
6.46e-06 -0.231 0.0 0.0
6.48e-06 -0.228 0.0 0.0
6.5e-06 -0.225 0.0 0.0
6.52e-06 -0.222 0.0 0.0
6.54e-06 -0.219 0.0 0.0
6.56e-06 -0.216 0.0 0.0
6.58e-06 -0.213 0.0 0.0
6.6e-06 -0.21 0.0 0.0
6.62e-06 -0.207 0.0 0.0
6.64e-06 -0.204 0.0 0.0
6.66e-06 -0.201 0.0 0.0
6.68e-06 -0.198 0.0 0.0
6.7e-06 -0.195 0.0 0.0
6.72e-06 -0.192 0.0 0.0
6.74e-06 -0.189 0.0 0.0
6.76e-06 -0.186 0.0 0.0
6.78e-06 -0.183 0.0 0.0
6.8e-06 -0.18 0.0 0.0
6.82e-06 -0.177 0.0 0.0
6.84e-06 -0.174 0.0 0.0
6.86e-06 -0.171 0.0 0.0
6.88e-06 -0.168 0.0 0.0
6.9e-06 -0.165 0.0 0.0
6.92e-06 -0.162 0.0 0.0
6.94e-06 -0.159 0.0 0.0
6.96e-06 -0.156 0.0 0.0
6.98e-06 -0.153 0.0 0.0
7e-06 -0.15 0.0 0.0
7.02e-06 -0.147 0.0 0.0
7.04e-06 -0.144 0.0 0.0
7.06e-06 -0.141 0.0 0.0
7.08e-06 -0.138 0.0 0.0
7.1e-06 -0.135 0.0 0.0
7.12e-06 -0.132 0.0 0.0
7.14e-06 -0.129 0.0 0.0
7.16e-06 -0.126 0.0 0.0
7.18e-06 -0.123 0.0 0.0
7.2e-06 -0.12 0.0 0.0
7.22e-06 -0.117 0.0 0.0
7.24e-06 -0.114 0.0 0.0
7.26e-06 -0.111 0.0 0.0
7.28e-06 -0.108 0.0 0.0
7.3e-06 -0.105 0.0 0.0
7.32e-06 -0.102 0.0 0.0
7.34e-06 -0.099 0.0 0.0
7.36e-06 -0.096 0.0 0.0
7.38e-06 -0.093 0.0 0.0
7.4e-06 -0.09 0.0 0.0
7.42e-06 -0.087 0.0 0.0
7.44e-06 -0.084 0.0 0.0
7.46e-06 -0.081 0.0 0.0
7.48e-06 -0.078 0.0 0.0
7.5e-06 -0.075 0.0 0.0
7.52e-06 -0.072 0.0 0.0
7.54e-06 -0.069 0.0 0.0
7.56e-06 -0.066 0.0 0.0
7.58e-06 -0.063 0.0 0.0
7.6e-06 -0.06 0.0 0.0
7.62e-06 -0.057 0.0 0.0
7.64e-06 -0.054 0.0 0.0
7.66e-06 -0.051 0.0 0.0
7.68e-06 -0.048 0.0 0.0
7.7e-06 -0.045 0.0 0.0
7.72e-06 -0.042 0.0 0.0
7.74e-06 -0.039 0.0 0.0
7.76e-06 -0.036 0.0 0.0
7.78e-06 -0.033 0.0 0.0
7.8e-06 -0.03 0.0 0.0
7.82e-06 -0.027 0.0 0.0
7.84e-06 -0.024 0.0 0.0
7.86e-06 -0.021 0.0 0.0
7.88e-06 -0.018 0.0 0.0
7.9e-06 -0.015 0.0 0.0
7.92e-06 -0.012 0.0 0.0
7.94e-06 -0.00900000000004 0.0 0.0
7.96e-06 -0.00600000000004 0.0 0.0
7.98e-06 -0.00300000000004 0.0 0.0
8e-06 -4.319868031e-14 0.238808514793 0.518658064552
8.02e-06 0.00299999999996 0.460435364095 1.0
8.04e-06 0.00599999999996 0.421614373205 0.915686339674
8.06e-06 0.00899999999996 0.385763431796 0.837823203598
8.08e-06 0.012 0.356560545386 0.774398695649
8.1e-06 0.015 0.325682357692 0.707335672038
8.12e-06 0.018 0.297426860208 0.645968757836
8.14e-06 0.021 0.268154111832 0.582392519652
8.16e-06 0.024 0.246279389651 0.534883740164
8.18e-06 0.027 0.230464768965 0.500536637574
8.2e-06 0.03 0.204450904395 0.444038230636
8.22e-06 0.033 0.184933869107 0.401650011116
8.24e-06 0.036 0.176861374214 0.384117702517
8.26e-06 0.039 0.15070568583 0.327311274463
8.28e-06 0.042 0.13687161581 0.297265645698
8.3e-06 0.045 0.132038638732 0.286769108171
8.32e-06 0.048 0.109590781287 0.238015560561
8.34e-06 0.051 0.100565142415 0.218413159059
8.36e-06 0.054 0.0919700259229 0.19974579082
8.38e-06 0.057 0.0772957968331 0.167875456276
8.4e-06 0.06 0.0744282410113 0.16164753365
8.42e-06 0.063 0.0671153271482 0.14576492681
8.44e-06 0.066 0.0521259079982 0.113210044369
8.46e-06 0.069 0.0461372956376 0.100203631683
8.48e-06 0.072 0.0441611196988 0.0959116591437
8.5e-06 0.075 0.0363418861775 0.0789293981554
8.52e-06 0.078 0.0273713405707 0.0594466513764
8.54e-06 0.081 0.0241272081802 0.0524008581044
8.56e-06 0.084 0.0255631526169 0.0555195248026
8.58e-06 0.087 0.0188533164554 0.0409467167937
8.6e-06 0.09 0.00649359264289 0.0141031579007
8.62e-06 0.093 0.00966359788985 0.0209879575798
8.64e-06 0.096 0.00578187553879 0.0125574097684
8.66e-06 0.099 -0.000547934112066 -0.00119003481225
8.68e-06 0.102 0.0017686869104 0.00384133593621
8.7e-06 0.105 -0.00491375718124 -0.0106719804003
8.72e-06 0.108 -0.00253756233516 -0.00551122379608
8.74e-06 0.111 -0.00627092946806 -0.0136195652139
8.76e-06 0.114 -0.0116349120498 -0.0252693710281
8.78e-06 0.117 -0.00877649411055 -0.0190612945811
8.8e-06 0.12 -0.0164502606621 -0.0357276220397
8.82e-06 0.123 -0.0167293698455 -0.0363338074137
8.84e-06 0.126 -0.014023195702 -0.0304563827966
8.86e-06 0.129 -0.0166901216328 -0.0362485658886
8.88e-06 0.132 -0.0162437756006 -0.0352791659098
8.9e-06 0.135 -0.0178863701968 -0.0388466473072
8.92e-06 0.138 -0.0197723004674 -0.042942619115
8.94e-06 0.141 -0.0235017196734 -0.0510423861981
8.96e-06 0.144 -0.0245162599166 -0.0532458230371
8.98e-06 0.147 -0.0183420255109 -0.0398362657198
9e-06 0.15 -0.0206847316901 -0.0449242897116
9.02e-06 0.153 -0.021567419524 -0.0468413619061
9.04e-06 0.156 -0.0226490480278 -0.0491905048874
9.06e-06 0.159 -0.029220684833 -0.0634631635874
9.08e-06 0.162 -0.0213493316046 -0.0463677060223
9.1e-06 0.165 -0.0205698061673 -0.0446746878526
9.12e-06 0.168 -0.0293968594717 -0.0638457897982
9.14e-06 0.171 -0.0289931670648 -0.0629690274157
9.16e-06 0.174 -0.0232521218397 -0.0505002952703
9.18e-06 0.177 -0.02285325287 -0.0496340087059
9.2e-06 0.18 -0.0243675787883 -0.052922908813
9.22e-06 0.183 -0.0260774360681 -0.0566364751747
9.24e-06 0.186 -0.0252609205572 -0.0548631198363
9.26e-06 0.189 -0.0258905004667 -0.0562304776863
9.28e-06 0.192 -0.0270002182625 -0.0586406266069
9.3e-06 0.195 -0.0264469879093 -0.0574390891137
9.32e-06 0.198 -0.0274757637592 -0.0596734436617
9.34e-06 0.201 -0.0227109964983 -0.0493250481377
9.36e-06 0.204 -0.0237927516728 -0.0516744662295
9.38e-06 0.207 -0.0280394886638 -0.0608977738251
9.4e-06 0.21 -0.0258129224135 -0.0560619892094
9.42e-06 0.213 -0.0219441520933 -0.0476595713633
9.44e-06 0.216 -0.025221369674 -0.0547772209538
9.46e-06 0.219 -0.0300212438119 -0.065201863612
9.48e-06 0.222 -0.0258584539545 -0.0561608772282
9.5e-06 0.225 -0.0209129095325 -0.0454198594707
9.52e-06 0.228 -0.0263283958812 -0.0571815241276
9.54e-06 0.231 -0.0264495343462 -0.0574446196116
9.56e-06 0.234 -0.024948909369 -0.0541854759962
9.58e-06 0.237 -0.0206506165703 -0.0448501965327
9.6e-06 0.24 -0.0238693432383 -0.0518408121957
9.62e-06 0.243 -0.0302487016206 -0.0656958695605
9.64e-06 0.246 -0.0219129433795 -0.0475917904842
9.66e-06 0.249 -0.0236187411117 -0.0512965400869
9.68e-06 0.252 -0.0253200622083 -0.0549915670749
9.7e-06 0.255 -0.0230005186214 -0.0499538489329
9.72e-06 0.258 -0.0277203496439 -0.0602046493505
9.74e-06 0.261 -0.0236369059299 -0.0513359914834
9.76e-06 0.264 -0.0175264707841 -0.0380649970677
9.78e-06 0.267 -0.0217436361948 -0.0472240794048
9.8e-06 0.27 -0.0283935192361 -0.0616666777799
9.82e-06 0.273 -0.0237594605265 -0.0516021626036
9.84e-06 0.276 -0.0168185160784 -0.0365274203286
9.86e-06 0.279 -0.0230028693208 -0.0499589543172
9.88e-06 0.282 -0.0276621445764 -0.0600782362379
9.9e-06 0.285 -0.0230664317033 -0.0500970027544
9.92e-06 0.288 -0.0213572700092 -0.0463849471058
9.94e-06 0.291 -0.0230138839075 -0.0499828764299
9.96e-06 0.294 -0.0213056364475 -0.0462728063674
9.98e-06 0.297 -0.18145482874 -0.394094031194
1e-05 0.3 -0.328285703512 -0.712989768188
1.002e-05 0.303 -0.298504821564 -0.648309936294
1.004e-05 0.306 -0.267681230588 -0.581365488975
1.006e-05 0.309 -0.24432287586 -0.530634471009
1.008e-05 0.312 -0.223157273373 -0.484665798449
1.01e-05 0.315 -0.1982550505 -0.430581718868
1.012e-05 0.318 -0.179557992565 -0.389974373315
1.014e-05 0.321 -0.166380010702 -0.361353674536
1.016e-05 0.324 -0.149547105497 -0.324795003076
1.018e-05 0.327 -0.133369954044 -0.289660535319
1.02e-05 0.33 -0.121939768707 -0.264835801538
1.022e-05 0.333 -0.110467120806 -0.239918845119
1.024e-05 0.336 -0.0998601929358 -0.216882109245
1.026e-05 0.339 -0.0895018186823 -0.194385196407
1.028e-05 0.342 -0.0811528583074 -0.176252444177
1.03e-05 0.345 -0.0734112505121 -0.159438775204
1.032e-05 0.348 -0.0671520635879 -0.145844713122
1.034e-05 0.351 -0.0600904506294 -0.130507896038
1.036e-05 0.354 -0.0538653592761 -0.116987884677
1.038e-05 0.357 -0.0489696195411 -0.106355035603
1.04e-05 0.36 -0.0444595930219 -0.0965599006698
1.042e-05 0.363 -0.040023486816 -0.0869253101239
1.044e-05 0.366 -0.0358884802044 -0.077944664991
1.046e-05 0.369 -0.0329015794538 -0.071457542186
1.048e-05 0.372 -0.028823581451 -0.0626007116279
1.05e-05 0.375 -0.0264984719872 -0.0575509051945
1.052e-05 0.378 -0.0246384405429 -0.0535111819469
1.054e-05 0.381 -0.0212118116042 -0.0460690321776
1.056e-05 0.384 -0.0190381367206 -0.0413481200734
1.058e-05 0.387 -0.0176577214074 -0.0383500547185
1.06e-05 0.39 -0.0159756682072 -0.0346968748559
1.062e-05 0.393 -0.0142181636589 -0.0308798254167
1.064e-05 0.396 -0.0125519296267 -0.0272610025327
1.066e-05 0.399 -0.0115695255261 -0.025127360816
1.068e-05 0.402 -0.0106387058518 -0.0231057531229
1.07e-05 0.405 -0.00917629389724 -0.0199296027473
1.072e-05 0.408 -0.00826611055328 -0.017952814223
1.074e-05 0.411 -0.0077043334632 -0.016732714435
1.076e-05 0.414 -0.00683437376396 -0.0148432859353
1.078e-05 0.417 -0.00611907862398 -0.0132897668189
1.08e-05 0.42 -0.00549833326387 -0.0119415963513
1.082e-05 0.423 -0.00490762123849 -0.010658654007
1.084e-05 0.426 -0.00446990262421 -0.00970799155056
1.086e-05 0.429 -0.00400008541532 -0.00868761552055
1.088e-05 0.432 -0.00359226714946 -0.00780189236011
1.09e-05 0.435 -0.00322994758412 -0.00701498589377
1.092e-05 0.438 -0.00291666820256 -0.0063345877185
1.094e-05 0.441 -0.00259959137394 -0.00564594202935
1.096e-05 0.444 -0.00233025754712 -0.00506098733685
1.098e-05 0.447 -0.00210561688503 -0.00457309982948
1.1e-05 0.45 -0.00186834815372 -0.00405778595525
1.102e-05 0.453 -0.00171173176757 -0.00371763748194
1.104e-05 0.456 -0.00152484095498 -0.00331173726843
1.106e-05 0.459 -0.0013391550205 -0.00290845387851
1.108e-05 0.462 -0.00123004550139 -0.0026714835508
1.11e-05 0.465 -0.00108489158327 -0.0023562299247
1.112e-05 0.468 -0.000979599605563 -0.00212755075294
1.114e-05 0.471 -0.000881631198294 -0.00191477733259
1.116e-05 0.474 -0.000796140361864 -0.00172910341809
1.118e-05 0.477 -0.000692072511762 -0.00150308287706
1.12e-05 0.48 -0.000638639815452 -0.00138703467469
1.122e-05 0.483 -0.000568294004034 -0.00123425359638
1.124e-05 0.486 -0.000495428494367 -0.00107600009252
1.126e-05 0.489 -0.00046145656007 -0.00100221789214
1.128e-05 0.492 -0.000410887378773 -0.000892388836336
1.13e-05 0.495 -0.000353638884314 -0.000768053264131
1.132e-05 0.498 -0.000324695653753 -0.000705192691684
1.134e-05 0.501 -0.000295859956242 -0.000642565665701
1.136e-05 0.504 -0.000255691276501 -0.000555325017233
1.138e-05 0.507 -0.00023311327251 -0.00050628880987
1.14e-05 0.51 -0.000209254794462 -0.00045447159532
1.142e-05 0.513 -0.000184644896034 -0.000401022402779
1.144e-05 0.516 -0.000164916500427 -0.000358175138764
1.146e-05 0.519 -0.000149478725612 -0.000324646491708
1.148e-05 0.522 -0.000130055848387 -0.000282462770084
1.15e-05 0.525 -0.000117441673191 -0.000255066579045
1.152e-05 0.528 -0.000108672275438 -0.000236020696741
1.154e-05 0.531 -9.18718852896e-05 -0.00019953264335
1.156e-05 0.534 -8.34792959685e-05 -0.000181305135266
1.158e-05 0.537 -7.61410405847e-05 -0.000165367490254
1.16e-05 0.54 -6.61564966215e-05 -0.000143682483537
1.162e-05 0.543 -6.00923484544e-05 -0.000130512017843
1.164e-05 0.546 -5.34095523205e-05 -0.000115997936921
1.166e-05 0.549 -4.66075352979e-05 -0.000101224925217
1.168e-05 0.552 -4.16795943494e-05 -9.05221396955e-05
1.17e-05 0.555 -3.80422227083e-05 -8.2622286807e-05
1.172e-05 0.558 -3.37329834543e-05 -7.32632332024e-05
1.174e-05 0.561 -2.98934508404e-05 -6.49243154881e-05
1.176e-05 0.564 -2.66054959884e-05 -5.77833460745e-05
1.178e-05 0.567 -2.36153882704e-05 -5.12892581932e-05
1.18e-05 0.57 -2.08190204989e-05 -4.52159458687e-05
1.182e-05 0.573 -1.87681739805e-05 -4.07617994709e-05
1.184e-05 0.576 -1.70369795238e-05 -3.70018918015e-05
1.186e-05 0.579 -1.4809757071e-05 -3.21646820073e-05
1.188e-05 0.582 -1.29769062127e-05 -2.81839911194e-05
1.19e-05 0.585 -1.16526800412e-05 -2.53079605736e-05
1.192e-05 0.588 -1.05369521308e-05 -2.28847585405e-05
1.194e-05 0.591 -9.3757732108e-06 -2.03628433911e-05
1.196e-05 0.594 -8.31612436861e-06 -1.8061437103e-05
1.198e-05 0.597 -7.26762343732e-06 -1.57842424889e-05
1.2e-05 0.6 -6.39062347565e-06 -1.38795235423e-05
1.202e-05 0.603 -5.81439954798e-06 -1.26280472818e-05
1.204e-05 0.606 -5.18373906233e-06 -1.12583425744e-05
1.206e-05 0.609 -4.54238954596e-06 -9.8654228154e-06
1.208e-05 0.612 -4.0581150882e-06 -8.81364770096e-06
1.21e-05 0.615 -3.60761116302e-06 -7.83521737109e-06
1.212e-05 0.618 -3.18794919799e-06 -6.92377138374e-06
1.214e-05 0.621 -2.79988215565e-06 -6.08094506632e-06
1.216e-05 0.624 -2.51759854872e-06 -5.46786529671e-06
1.218e-05 0.627 -2.22543381459e-06 -4.83332512688e-06
1.22e-05 0.63 -1.97634692179e-06 -4.29234388994e-06
1.222e-05 0.633 -1.75436227783e-06 -3.81022487548e-06
1.224e-05 0.636 -1.55522136373e-06 -3.37771918711e-06
1.226e-05 0.639 -1.36320164975e-06 -2.96067973065e-06
1.228e-05 0.642 -1.19895306469e-06 -2.60395520889e-06
1.23e-05 0.645 -1.09002360006e-06 -2.36737593386e-06
1.232e-05 0.648 -9.64155718309e-07 -2.09400883054e-06
1.234e-05 0.651 -8.36855730715e-07 -1.8175313974e-06
1.236e-05 0.654 -7.46863090275e-07 -1.62208020607e-06
1.238e-05 0.657 -6.61977248188e-07 -1.43772025307e-06
1.24e-05 0.66 -5.80872531156e-07 -1.26157236488e-06
1.242e-05 0.663 -5.23377081216e-07 -1.13670044056e-06
1.244e-05 0.666 -4.58822323348e-07 -9.96496705352e-07
1.246e-05 0.669 -4.05964772087e-07 -8.81697636073e-07
1.248e-05 0.672 -3.56170594118e-07 -7.73551777061e-07
1.25e-05 0.675 -3.12681505006e-07 -6.7909967259e-07
1.252e-05 0.678 -2.82889709745e-07 -6.14396138536e-07
1.254e-05 0.681 -2.49200891955e-07 -5.41228826862e-07
1.256e-05 0.684 -2.16984722118e-07 -4.71259896695e-07
1.258e-05 0.687 -1.93100682455e-07 -4.19387165959e-07
1.26e-05 0.69 -1.71131837443e-07 -3.71673965094e-07
1.262e-05 0.693 -1.49742575408e-07 -3.25219535867e-07
1.264e-05 0.696 -1.32082404781e-07 -2.86864161794e-07
1.266e-05 0.699 -1.16417485908e-07 -2.5284219021e-07
1.268e-05 0.702 -1.03197826986e-07 -2.24130974799e-07
1.27e-05 0.705 -9.21602795293e-08 -2.00158994543e-07
1.272e-05 0.708 -8.02593472347e-08 -1.7431186545e-07
1.274e-05 0.711 -7.09886252812e-08 -1.5417717842e-07
1.276e-05 0.714 -6.19753379244e-08 -1.34601602651e-07
1.278e-05 0.717 -5.49333922913e-08 -1.19307500194e-07
1.28e-05 0.72 -4.96364293277e-08 -1.07803251441e-07
1.282e-05 0.723 -4.16996095232e-08 -9.0565609801e-08
1.284e-05 0.726 -3.77722286223e-08 -8.20358981254e-08
1.286e-05 0.729 -3.37101460849e-08 -7.32136336902e-08
1.288e-05 0.732 -2.84680323165e-08 -6.18285095725e-08
1.29e-05 0.735 -2.62607221935e-08 -5.70345465212e-08
1.292e-05 0.738 -2.26293679263e-08 -4.91477625112e-08
1.294e-05 0.741 -1.95367766715e-08 -4.24310949918e-08
1.296e-05 0.744 -1.81259729876e-08 -3.9367030426e-08
1.298e-05 0.747 -1.51249415673e-08 -3.28492178203e-08
1.3e-05 0.75 -1.33817152303e-08 -2.90631786213e-08
1.302e-05 0.753 -1.21216703283e-08 -2.63265406474e-08
1.304e-05 0.756 -1.02408386906e-08 -2.22416423437e-08
1.306e-05 0.759 -9.42966508173e-09 -2.04798888553e-08
1.308e-05 0.762 -8.20554400578e-09 -1.78212723124e-08
1.31e-05 0.765 -6.90828931128e-09 -1.50038199712e-08
1.312e-05 0.768 -6.26040887534e-09 -1.35967159856e-08
1.314e-05 0.771 -5.50517638255e-09 -1.19564586299e-08
1.316e-05 0.774 -4.82903093511e-09 -1.0487967067e-08
1.318e-05 0.777 -4.23172707547e-09 -9.19070819806e-09
1.32e-05 0.78 -3.7182535735e-09 -8.0755169204e-09
1.322e-05 0.783 -3.26756863646e-09 -7.09669345856e-09
1.324e-05 0.786 -2.83514868046e-09 -6.15753893281e-09
1.326e-05 0.789 -2.51927904567e-09 -5.47151509663e-09
1.328e-05 0.792 -2.1907504424e-09 -4.75799778478e-09
1.33e-05 0.795 -1.93165528366e-09 -4.19528002038e-09
1.332e-05 0.798 -1.69018692781e-09 -3.67084516006e-09
1.334e-05 0.801 -1.47636685739e-09 -3.2064584359e-09
1.336e-05 0.804 -1.29541942759e-09 -2.81346640291e-09
1.338e-05 0.807 -1.12777086148e-09 -2.44935760678e-09
1.34e-05 0.81 -1.00401651465e-09 -2.18058080013e-09
1.342e-05 0.813 -8.68813656658e-10 -1.88693945863e-09
1.344e-05 0.816 -7.64943998059e-10 -1.6613493613e-09
1.346e-05 0.819 -6.64674959336e-10 -1.44357929726e-09
1.348e-05 0.822 -5.81925342161e-10 -1.26385892036e-09
1.35e-05 0.825 -5.16562894232e-10 -1.12190099743e-09
1.352e-05 0.828 -4.49084596052e-10 -9.75347749264e-10
1.354e-05 0.831 -3.91211281586e-10 -8.49655157039e-10
1.356e-05 0.834 -3.39672412256e-10 -7.37720077006e-10
1.358e-05 0.837 -3.0009994439e-10 -6.5177431577e-10
1.36e-05 0.84 -2.61383428594e-10 -5.67687560464e-10
1.362e-05 0.843 -2.29742343102e-10 -4.98967631546e-10
1.364e-05 0.846 -1.99411905856e-10 -4.33094243854e-10
1.366e-05 0.849 -1.74430168983e-10 -3.78837471196e-10
1.368e-05 0.852 -1.51758760806e-10 -3.29598403252e-10
1.37e-05 0.855 -1.32722536803e-10 -2.88254437327e-10
1.372e-05 0.858 -1.16656738464e-10 -2.53361812669e-10
1.374e-05 0.861 -1.01043525682e-10 -2.19452139348e-10
1.376e-05 0.864 -8.80397141977e-11 -1.91209713812e-10
1.378e-05 0.867 -7.81154873199e-11 -1.6965570721e-10
1.38e-05 0.87 -6.7175272456e-11 -1.45895119477e-10
1.382e-05 0.873 -5.85898810627e-11 -1.27248872766e-10
1.384e-05 0.876 -5.11947324748e-11 -1.11187663822e-10
1.386e-05 0.879 -4.44796358656e-11 -9.66034308703e-11
1.388e-05 0.882 -3.86226538642e-11 -8.38829005676e-11
1.39e-05 0.885 -3.38519816496e-11 -7.35216803256e-11
1.392e-05 0.888 -2.9682512515e-11 -6.44661875036e-11
1.394e-05 0.891 -2.55583004134e-11 -5.55089865082e-11
1.396e-05 0.894 -2.23955530438e-11 -4.86399499044e-11
1.398e-05 0.897 -1.93940958357e-11 -4.2121212548e-11
1.4e-05 0.9 -1.69825335823e-11 -3.68836429748e-11
1.402e-05 0.903 -1.4625661374e-11 -3.17648523865e-11
1.404e-05 0.906 -1.27327536142e-11 -2.76537264666e-11
1.406e-05 0.909 -1.12418573283e-11 -2.44157121823e-11
1.408e-05 0.912 -9.5884550743e-12 -2.0824758092e-11
1.41e-05 0.915 -8.3850486516e-12 -1.82111308242e-11
1.412e-05 0.918 -7.17356197692e-12 -1.55799544004e-11
1.414e-05 0.921 -5.88927021126e-12 -1.27906556935e-11
1.416e-05 0.924 -4.84679832477e-12 -1.05265553055e-11
1.418e-05 0.927 -4.01888535139e-12 -8.72844630274e-12
1.42e-05 0.93 -3.44793060635e-12 -7.48841395605e-12
1.422e-05 0.933 -2.87646838206e-12 -6.24727943675e-12
1.424e-05 0.936 -2.44583877646e-12 -5.31201329696e-12
1.426e-05 0.939 -2.0736435675e-12 -4.50365833992e-12
1.428e-05 0.942 -1.7324152976e-12 -3.76255916183e-12
1.43e-05 0.945 -1.48525716513e-12 -3.22576691747e-12
1.432e-05 0.948 -1.27446107288e-12 -2.76794784298e-12
1.434e-05 0.951 -1.07640983157e-12 -2.33780876863e-12
1.436e-05 0.954 -9.14300234312e-13 -1.98572982357e-12
1.438e-05 0.957 -7.7878730585e-13 -1.69141505319e-12
1.44e-05 0.96 -6.60343224775e-13 -1.43417138706e-12
1.442e-05 0.963 -5.65735364858e-13 -1.22869659669e-12
1.444e-05 0.966 -4.80080719689e-13 -1.04266691294e-12
1.446e-05 0.969 -4.07343107867e-13 -8.84691184978e-13
1.448e-05 0.972 -3.50031063444e-13 -7.60217591305e-13
1.45e-05 0.975 -2.8968020047e-13 -6.29144116762e-13
1.452e-05 0.978 -2.52228528502e-13 -5.47804422012e-13
1.454e-05 0.981 -2.18198393398e-13 -4.7389581777e-13
1.456e-05 0.984 -1.81872492266e-13 -3.95001136855e-13
1.458e-05 0.987 -1.56271857566e-13 -3.3940020631e-13
1.46e-05 0.99 -1.3333200092e-13 -2.89578106542e-13
1.462e-05 0.993 -1.12410180392e-13 -2.4413889366e-13
1.464e-05 0.996 -9.61313314286e-14 -2.08783553404e-13
1.466e-05 0.999 -8.20651251883e-14 -1.78233757847e-13
1.468e-05 1.002 -6.86879424748e-14 -1.49180423206e-13
1.47e-05 1.005 -5.88153275804e-14 -1.27738510477e-13
1.472e-05 1.008 -5.13177959861e-14 -1.11454940232e-13
1.474e-05 1.011 -4.29208416582e-14 -9.32179519758e-14
1.476e-05 1.014 -3.60561094183e-14 -7.83087317569e-14
1.478e-05 1.017 -3.14276276834e-14 -6.8256328975e-14
1.48e-05 1.02 -2.64838318975e-14 -5.75191090058e-14
1.482e-05 1.023 -2.23274667117e-14 -4.84920760932e-14
1.484e-05 1.026 -1.89856155365e-14 -4.12340515456e-14
1.486e-05 1.029 -1.64208937615e-14 -3.56638413162e-14
1.488e-05 1.032 -1.38116910761e-14 -2.99970248882e-14
1.49e-05 1.035 -1.17973403707e-14 -2.56221421956e-14
1.492e-05 1.038 -9.86343340007e-15 -2.14219718319e-14
1.494e-05 1.041 -8.43983484745e-15 -1.83301186347e-14
1.496e-05 1.044 -7.22868286414e-15 -1.56996691128e-14
1.498e-05 1.047 -6.12410856575e-15 -1.33006911356e-14
1.5e-05 1.05 -5.20625484379e-15 -1.13072436432e-14
1.502e-05 1.053 -4.38495644059e-15 -9.52350054433e-15
1.504e-05 1.056 -3.75144190557e-15 -8.1475972484e-15
1.506e-05 1.059 -3.1411747992e-15 -6.82218405482e-15
1.508e-05 1.062 -2.72664333566e-15 -5.92188078564e-15
1.51e-05 1.065 -2.27867669169e-15 -4.94896106898e-15
1.512e-05 1.068 -1.93479691988e-15 -4.20210320656e-15
1.514e-05 1.071 -1.64803636451e-15 -3.57930014292e-15
1.516e-05 1.074 -1.3896601117e-15 -3.01814373974e-15
1.518e-05 1.077 -1.17355877989e-15 -2.54880244092e-15
1.52e-05 1.08 -9.94859110121e-16 -2.16069222241e-15
1.522e-05 1.083 -8.55281263107e-16 -1.85754902816e-15
1.524e-05 1.086 -7.23832425331e-16 -1.57206088362e-15
1.526e-05 1.089 -5.93615554772e-16 -1.28924839633e-15
1.528e-05 1.092 -5.14144916374e-16 -1.11664949408e-15
1.53e-05 1.095 -4.40709903035e-16 -9.57159109403e-16
1.532e-05 1.098 -3.70669569219e-16 -8.05041484917e-16
1.534e-05 1.101 -3.11540861235e-16 -6.76622356859e-16
1.536e-05 1.104 -2.5990929177e-16 -5.64485945342e-16
1.538e-05 1.107 -2.18602075618e-16 -4.74772558029e-16
1.54e-05 1.11 -1.90628489648e-16 -4.14017915463e-16
1.542e-05 1.113 -1.60031039772e-16 -3.47564614387e-16
1.544e-05 1.116 -1.35509497371e-16 -2.94307318546e-16
1.546e-05 1.119 -1.1312371341e-16 -2.45688585698e-16
1.548e-05 1.122 -9.46348090243e-17 -2.05533319992e-16
1.55e-05 1.125 -8.05204848921e-17 -1.74879019231e-16
1.552e-05 1.128 -6.84065896328e-17 -1.48569364925e-16
1.554e-05 1.131 -5.74679922034e-17 -1.2481229003e-16
1.556e-05 1.134 -4.87639054472e-17 -1.05908253904e-16
1.558e-05 1.137 -4.08687656751e-17 -8.8761135356e-17
1.56e-05 1.14 -3.42177725519e-17 -7.43161260411e-17
1.562e-05 1.143 -2.91450315053e-17 -6.329885534e-17
1.564e-05 1.146 -2.44095812676e-17 -5.30141322129e-17
1.566e-05 1.149 -2.04538727578e-17 -4.44228970076e-17
1.568e-05 1.152 -1.75565111424e-17 -3.81302404452e-17
1.57e-05 1.155 -1.46114848233e-17 -3.17340629384e-17
1.572e-05 1.158 -1.21667096102e-17 -2.64243595497e-17
1.574e-05 1.161 -1.02993638529e-17 -2.23687506565e-17
1.576e-05 1.164 -8.70821167492e-18 -1.89129948609e-17
1.578e-05 1.167 -7.30805357301e-18 -1.58720509824e-17
1.58e-05 1.17 -6.07339259157e-18 -1.31905432666e-17
1.582e-05 1.173 -5.20028786135e-18 -1.12942842077e-17
1.584e-05 1.176 -4.2695296587e-18 -9.27281002207e-18
1.586e-05 1.179 -3.60341295169e-18 -7.82609945432e-18
1.588e-05 1.182 -3.10002947716e-18 -6.73282227843e-18
1.59e-05 1.185 -2.53729025562e-18 -5.51063287808e-18
1.592e-05 1.188 -2.10980592404e-18 -4.58219782529e-18
1.594e-05 1.191 -1.80590094141e-18 -3.92215950865e-18
1.596e-05 1.194 -1.50151951852e-18 -3.2610864317e-18
1.598e-05 1.197 -1.23575311507e-18 -2.68387967441e-18
1.6e-05 1.2 -1.0428595704e-18 -2.26494238219e-18
1.602e-05 1.203 -8.95013333852e-19 -1.94384142411e-18
1.604e-05 1.206 -7.44517069727e-19 -1.61698498375e-18
1.606e-05 1.209 -6.08329921589e-19 -1.3212059043e-18
1.608e-05 1.212 -5.00051656258e-19 -1.08604094136e-18
1.61e-05 1.215 -4.28996669601e-19 -9.3171963549e-19
1.612e-05 1.218 -3.68755938679e-19 -8.00885352071e-19
1.614e-05 1.221 -2.96934812881e-19 -6.44900101158e-19
1.616e-05 1.224 -2.49038834792e-19 -5.40876861796e-19
1.618e-05 1.227 -2.04522353651e-19 -4.44193408239e-19
1.62e-05 1.23 -1.72373330577e-19 -3.74370311271e-19
1.622e-05 1.233 -1.43062125089e-19 -3.10710549722e-19
1.624e-05 1.236 -1.21808943669e-19 -2.64551668198e-19
1.626e-05 1.239 -1.00404205184e-19 -2.18063626328e-19
1.628e-05 1.242 -8.26243396596e-20 -1.79448291992e-19
1.63e-05 1.245 -6.88691833998e-20 -1.49574052669e-19
1.632e-05 1.248 -5.63206252277e-20 -1.22320372455e-19
1.634e-05 1.251 -4.66055749112e-20 -1.01220667537e-19
1.636e-05 1.254 -3.97404587397e-20 -8.6310613473e-20
1.638e-05 1.257 -3.33325960905e-20 -7.23936489024e-20
1.64e-05 1.26 -2.69009631605e-20 -5.8425058669e-20
1.642e-05 1.263 -2.2321977112e-20 -4.84801534649e-20
1.644e-05 1.266 -1.83030143553e-20 -3.97515390488e-20
1.646e-05 1.269 -1.53652187833e-20 -3.33710656946e-20
1.648e-05 1.272 -1.26530187121e-20 -2.74805536211e-20
1.65e-05 1.275 -1.03086448593e-20 -2.23889076799e-20
1.652e-05 1.278 -8.6453668223e-21 -1.87765047963e-20
1.654e-05 1.281 -7.25303490505e-21 -1.57525582756e-20
1.656e-05 1.284 -5.74628180631e-21 -1.24801052534e-20
1.658e-05 1.287 -4.81750594216e-21 -1.04629364246e-20
1.66e-05 1.29 -3.87713252157e-21 -8.42057935579e-21
1.662e-05 1.293 -3.20996128228e-21 -6.97157849417e-21
1.664e-05 1.296 -2.69132864914e-21 -5.84518231876e-21
1.666e-05 1.299 -2.13620755745e-21 -4.63953841089e-21
1.668e-05 1.302 -1.80974520407e-21 -3.93050869937e-21
1.67e-05 1.305 -1.4534459373e-21 -3.15667746363e-21
1.672e-05 1.308 -1.19414149776e-21 -2.59350517116e-21
1.674e-05 1.311 -9.6632338107e-22 -2.09871668517e-21
1.676e-05 1.314 -7.83996281406e-22 -1.70272820583e-21
1.678e-05 1.317 -6.27903935936e-22 -1.36371787421e-21
1.68e-05 1.32 -5.15877555727e-22 -1.12041253986e-21
1.682e-05 1.323 -4.18411586362e-22 -9.08730343039e-22
1.684e-05 1.326 -3.37844222325e-22 -7.33749508988e-22
1.686e-05 1.329 -2.8301328277e-22 -6.14664521537e-22
1.688e-05 1.332 -2.1753624102e-22 -4.72457717161e-22
1.69e-05 1.335 -1.75929348412e-22 -3.82093475286e-22
1.692e-05 1.338 -1.42582756191e-22 -3.09669428783e-22
1.694e-05 1.341 -1.14155896516e-22 -2.4793034032e-22
1.696e-05 1.344 -8.93960960599e-23 -1.94155581936e-22
1.698e-05 1.347 -6.83267247232e-23 -1.48395909722e-22
1.7e-05 1.35 -5.57534337269e-23 -1.21088513339e-22
1.702e-05 1.353 -4.40152342115e-23 -9.55948166535e-23
1.704e-05 1.356 -3.49780922814e-23 -7.59674321502e-23
1.706e-05 1.359 -2.75488074379e-23 -5.98320841233e-23
1.708e-05 1.362 -2.12069082019e-23 -4.60583826866e-23
1.71e-05 1.365 -1.64674655708e-23 -3.57649886497e-23
1.712e-05 1.368 -1.13097016705e-23 -2.4563060426e-23
1.714e-05 1.371 -9.28366258534e-24 -2.01627922381e-23
1.716e-05 1.374 -6.16014769761e-24 -1.33789629946e-23
1.718e-05 1.377 -4.67571535898e-24 -1.01549874827e-23
1.72e-05 1.38 -3.55060164282e-24 -7.71140081692e-24
1.722e-05 1.383 -2.23682431621e-24 -4.85806367329e-24
1.724e-05 1.386 -1.66132146731e-24 -3.6081534931e-24
1.726e-05 1.389 -8.00246391392e-25 -1.73802112912e-24
1.728e-05 1.392 -4.06530559852e-25 -8.82926446474e-25
1.73e-05 1.395 -1.49088051624e-25 -3.23798003476e-25
1.732e-05 1.398 -4.18553766882e-27 -9.0903913887e-27
1.734e-05 1.401 0.0 0.0
1.736e-05 1.404 0.0 0.0
1.738e-05 1.407 0.0 0.0
1.74e-05 1.41 0.0 0.0
1.742e-05 1.413 0.0 0.0
1.744e-05 1.416 0.0 0.0
1.746e-05 1.419 0.0 0.0
1.748e-05 1.422 0.0 0.0
1.75e-05 1.425 0.0 0.0
1.752e-05 1.428 0.0 0.0
1.754e-05 1.431 0.0 0.0
1.756e-05 1.434 0.0 0.0
1.758e-05 1.437 0.0 0.0
1.76e-05 1.44 0.0 0.0
1.762e-05 1.443 0.0 0.0
1.764e-05 1.446 0.0 0.0
1.766e-05 1.449 0.0 0.0
1.768e-05 1.452 0.0 0.0
1.77e-05 1.455 0.0 0.0
1.772e-05 1.458 0.0 0.0
1.774e-05 1.461 0.0 0.0
1.776e-05 1.464 0.0 0.0
1.778e-05 1.467 0.0 0.0
1.78e-05 1.47 0.0 0.0
1.782e-05 1.473 0.0 0.0
1.784e-05 1.476 0.0 0.0
1.786e-05 1.479 0.0 0.0
1.788e-05 1.482 0.0 0.0
1.79e-05 1.485 0.0 0.0
1.792e-05 1.488 0.0 0.0
1.794e-05 1.491 0.0 0.0
1.796e-05 1.494 0.0 0.0
1.798e-05 1.497 0.0 0.0
1.8e-05 1.5 0.0 0.0
1.802e-05 1.503 0.0 0.0
1.804e-05 1.506 0.0 0.0
1.806e-05 1.509 0.0 0.0
1.808e-05 1.512 0.0 0.0
1.81e-05 1.515 0.0 0.0
1.812e-05 1.518 0.0 0.0
1.814e-05 1.521 0.0 0.0
1.816e-05 1.524 0.0 0.0
1.818e-05 1.527 0.0 0.0
1.82e-05 1.53 0.0 0.0
1.822e-05 1.533 0.0 0.0
1.824e-05 1.536 0.0 0.0
1.826e-05 1.539 0.0 0.0
1.828e-05 1.542 0.0 0.0
1.83e-05 1.545 0.0 0.0
1.832e-05 1.548 0.0 0.0
1.834e-05 1.551 0.0 0.0
1.836e-05 1.554 0.0 0.0
1.838e-05 1.557 0.0 0.0
1.84e-05 1.56 0.0 0.0
1.842e-05 1.563 0.0 0.0
1.844e-05 1.566 0.0 0.0
1.846e-05 1.569 0.0 0.0
1.848e-05 1.572 0.0 0.0
1.85e-05 1.575 0.0 0.0
1.852e-05 1.578 0.0 0.0
1.854e-05 1.581 0.0 0.0
1.856e-05 1.584 0.0 0.0
1.858e-05 1.587 0.0 0.0
1.86e-05 1.59 0.0 0.0
1.862e-05 1.593 0.0 0.0
1.864e-05 1.596 0.0 0.0
1.866e-05 1.599 0.0 0.0
1.868e-05 1.602 0.0 0.0
1.87e-05 1.605 0.0 0.0
1.872e-05 1.608 0.0 0.0
1.874e-05 1.611 0.0 0.0
1.876e-05 1.614 0.0 0.0
1.878e-05 1.617 0.0 0.0
1.88e-05 1.62 0.0 0.0
1.882e-05 1.623 0.0 0.0
1.884e-05 1.626 0.0 0.0
1.886e-05 1.629 0.0 0.0
1.888e-05 1.632 0.0 0.0
1.89e-05 1.635 0.0 0.0
1.892e-05 1.638 0.0 0.0
1.894e-05 1.641 0.0 0.0
1.896e-05 1.644 0.0 0.0
1.898e-05 1.647 0.0 0.0
1.9e-05 1.65 0.0 0.0
1.902e-05 1.653 0.0 0.0
1.904e-05 1.656 0.0 0.0
1.906e-05 1.659 0.0 0.0
1.908e-05 1.662 0.0 0.0
1.91e-05 1.665 0.0 0.0
1.912e-05 1.668 0.0 0.0
1.914e-05 1.671 0.0 0.0
1.916e-05 1.674 0.0 0.0
1.918e-05 1.677 0.0 0.0
1.92e-05 1.68 0.0 0.0
1.922e-05 1.683 0.0 0.0
1.924e-05 1.686 0.0 0.0
1.926e-05 1.689 0.0 0.0
1.928e-05 1.692 0.0 0.0
1.93e-05 1.695 0.0 0.0
1.932e-05 1.698 0.0 0.0
1.934e-05 1.701 0.0 0.0
1.936e-05 1.704 0.0 0.0
1.938e-05 1.707 0.0 0.0
1.94e-05 1.71 0.0 0.0
1.942e-05 1.713 0.0 0.0
1.944e-05 1.716 0.0 0.0
1.946e-05 1.719 0.0 0.0
1.948e-05 1.722 0.0 0.0
1.95e-05 1.725 0.0 0.0
1.952e-05 1.728 0.0 0.0
1.954e-05 1.731 0.0 0.0
1.956e-05 1.734 0.0 0.0
1.958e-05 1.737 0.0 0.0
1.96e-05 1.74 0.0 0.0
1.962e-05 1.743 0.0 0.0
1.964e-05 1.746 0.0 0.0
1.966e-05 1.749 0.0 0.0
1.968e-05 1.752 0.0 0.0
1.97e-05 1.755 0.0 0.0
1.972e-05 1.758 0.0 0.0
1.974e-05 1.761 0.0 0.0
1.976e-05 1.764 0.0 0.0
1.978e-05 1.767 0.0 0.0
1.98e-05 1.77 0.0 0.0
1.982e-05 1.773 0.0 0.0
1.984e-05 1.776 0.0 0.0
1.986e-05 1.779 0.0 0.0
1.988e-05 1.782 0.0 0.0
1.99e-05 1.785 0.0 0.0
1.992e-05 1.788 0.0 0.0
1.994e-05 1.791 0.0 0.0
1.996e-05 1.794 0.0 0.0
1.998e-05 1.797 0.0 0.0
2e-05 1.8 0.0 0.0
2.002e-05 1.803 0.0 0.0
2.004e-05 1.806 0.0 0.0
2.006e-05 1.809 0.0 0.0
2.008e-05 1.812 0.0 0.0
2.01e-05 1.815 0.0 0.0
2.012e-05 1.818 0.0 0.0
2.014e-05 1.821 0.0 0.0
2.016e-05 1.824 0.0 0.0
2.018e-05 1.827 0.0 0.0
2.02e-05 1.83 0.0 0.0
2.022e-05 1.833 0.0 0.0
2.024e-05 1.836 0.0 0.0
2.026e-05 1.839 0.0 0.0
2.028e-05 1.842 0.0 0.0
2.03e-05 1.845 0.0 0.0
2.032e-05 1.848 0.0 0.0
2.034e-05 1.851 0.0 0.0
2.036e-05 1.854 0.0 0.0
2.038e-05 1.857 0.0 0.0
2.04e-05 1.86 0.0 0.0
2.042e-05 1.863 0.0 0.0
2.044e-05 1.866 0.0 0.0
2.046e-05 1.869 0.0 0.0
2.048e-05 1.872 0.0 0.0
2.05e-05 1.875 0.0 0.0
2.052e-05 1.878 0.0 0.0
2.054e-05 1.881 0.0 0.0
2.056e-05 1.884 0.0 0.0
2.058e-05 1.887 0.0 0.0
2.06e-05 1.89 0.0 0.0
2.062e-05 1.893 0.0 0.0
2.064e-05 1.896 0.0 0.0
2.066e-05 1.899 0.0 0.0
2.068e-05 1.902 0.0 0.0
2.07e-05 1.905 0.0 0.0
2.072e-05 1.908 0.0 0.0
2.074e-05 1.911 0.0 0.0
2.076e-05 1.914 0.0 0.0
2.078e-05 1.917 0.0 0.0
2.08e-05 1.92 0.0 0.0
2.082e-05 1.923 0.0 0.0
2.084e-05 1.926 0.0 0.0
2.086e-05 1.929 0.0 0.0
2.088e-05 1.932 0.0 0.0
2.09e-05 1.935 0.0 0.0
2.092e-05 1.938 0.0 0.0
2.094e-05 1.941 0.0 0.0
2.096e-05 1.944 0.0 0.0
2.098e-05 1.947 0.0 0.0
2.1e-05 1.95 0.0 0.0
2.102e-05 1.953 0.0 0.0
2.104e-05 1.956 0.0 0.0
2.106e-05 1.959 0.0 0.0
2.108e-05 1.962 0.0 0.0
2.11e-05 1.965 0.0 0.0
2.112e-05 1.968 0.0 0.0
2.114e-05 1.971 0.0 0.0
2.116e-05 1.974 0.0 0.0
2.118e-05 1.977 0.0 0.0
2.12e-05 1.98 0.0 0.0
2.122e-05 1.983 0.0 0.0
2.124e-05 1.986 0.0 0.0
2.126e-05 1.989 0.0 0.0
2.128e-05 1.992 0.0 0.0
2.13e-05 1.995 0.0 0.0
2.132e-05 1.998 0.0 0.0
2.134e-05 2.001 0.0 0.0
2.136e-05 2.004 0.0 0.0
2.138e-05 2.007 0.0 0.0
2.14e-05 2.01 0.0 0.0
2.142e-05 2.013 0.0 0.0
2.144e-05 2.016 0.0 0.0
2.146e-05 2.019 0.0 0.0
2.148e-05 2.022 0.0 0.0
2.15e-05 2.025 0.0 0.0
2.152e-05 2.028 0.0 0.0
2.154e-05 2.031 0.0 0.0
2.156e-05 2.034 0.0 0.0
2.158e-05 2.037 0.0 0.0
2.16e-05 2.04 0.0 0.0
2.162e-05 2.043 0.0 0.0
2.164e-05 2.046 0.0 0.0
2.166e-05 2.049 0.0 0.0
2.168e-05 2.052 0.0 0.0
2.17e-05 2.055 0.0 0.0
2.172e-05 2.058 0.0 0.0
2.174e-05 2.061 0.0 0.0
2.176e-05 2.064 0.0 0.0
2.178e-05 2.067 0.0 0.0
2.18e-05 2.07 0.0 0.0
2.182e-05 2.073 0.0 0.0
2.184e-05 2.076 0.0 0.0
2.186e-05 2.079 0.0 0.0
2.188e-05 2.082 0.0 0.0
2.19e-05 2.085 0.0 0.0
2.192e-05 2.088 0.0 0.0
2.194e-05 2.091 0.0 0.0
2.196e-05 2.094 0.0 0.0
2.198e-05 2.097 0.0 0.0
2.2e-05 2.1 0.0 0.0
2.202e-05 2.103 0.0 0.0
2.204e-05 2.106 0.0 0.0
2.206e-05 2.109 0.0 0.0
2.208e-05 2.112 0.0 0.0
2.21e-05 2.115 0.0 0.0
2.212e-05 2.118 0.0 0.0
2.214e-05 2.121 0.0 0.0
2.216e-05 2.124 0.0 0.0
2.218e-05 2.127 0.0 0.0
2.22e-05 2.13 0.0 0.0
2.222e-05 2.133 0.0 0.0
2.224e-05 2.136 0.0 0.0
2.226e-05 2.139 0.0 0.0
2.228e-05 2.142 0.0 0.0
2.23e-05 2.145 0.0 0.0
2.232e-05 2.148 0.0 0.0
2.234e-05 2.151 0.0 0.0
2.236e-05 2.154 0.0 0.0
2.238e-05 2.157 0.0 0.0
2.24e-05 2.16 0.0 0.0
2.242e-05 2.163 0.0 0.0
2.244e-05 2.166 0.0 0.0
2.246e-05 2.169 0.0 0.0
2.248e-05 2.172 0.0 0.0
2.25e-05 2.175 0.0 0.0
2.252e-05 2.178 0.0 0.0
2.254e-05 2.181 0.0 0.0
2.256e-05 2.184 0.0 0.0
2.258e-05 2.187 0.0 0.0
2.26e-05 2.19 0.0 0.0
2.262e-05 2.193 0.0 0.0
2.264e-05 2.196 0.0 0.0
2.266e-05 2.199 0.0 0.0
2.268e-05 2.202 0.0 0.0
2.27e-05 2.205 0.0 0.0
2.272e-05 2.208 0.0 0.0
2.274e-05 2.211 0.0 0.0
2.276e-05 2.214 0.0 0.0
2.278e-05 2.217 0.0 0.0
2.28e-05 2.22 0.0 0.0
2.282e-05 2.223 0.0 0.0
2.284e-05 2.226 0.0 0.0
2.286e-05 2.229 0.0 0.0
2.288e-05 2.232 0.0 0.0
2.29e-05 2.235 0.0 0.0
2.292e-05 2.238 0.0 0.0
2.294e-05 2.241 0.0 0.0
2.296e-05 2.244 0.0 0.0
2.298e-05 2.247 0.0 0.0
2.3e-05 2.25 0.0 0.0
2.302e-05 2.253 0.0 0.0
2.304e-05 2.256 0.0 0.0
2.306e-05 2.259 0.0 0.0
2.308e-05 2.262 0.0 0.0
2.31e-05 2.265 0.0 0.0
2.312e-05 2.268 0.0 0.0
2.314e-05 2.271 0.0 0.0
2.316e-05 2.274 0.0 0.0
2.318e-05 2.277 0.0 0.0
2.32e-05 2.28 0.0 0.0
2.322e-05 2.283 0.0 0.0
2.324e-05 2.286 0.0 0.0
2.326e-05 2.289 0.0 0.0
2.328e-05 2.292 0.0 0.0
2.33e-05 2.295 0.0 0.0
2.332e-05 2.298 0.0 0.0
2.334e-05 2.301 0.0 0.0
2.336e-05 2.304 0.0 0.0
2.338e-05 2.307 0.0 0.0
2.34e-05 2.31 0.0 0.0
2.342e-05 2.313 0.0 0.0
2.344e-05 2.316 0.0 0.0
2.346e-05 2.319 0.0 0.0
2.348e-05 2.322 0.0 0.0
2.35e-05 2.325 0.0 0.0
2.352e-05 2.328 0.0 0.0
2.354e-05 2.331 0.0 0.0
2.356e-05 2.334 0.0 0.0
2.358e-05 2.337 0.0 0.0
2.36e-05 2.34 0.0 0.0
2.362e-05 2.343 0.0 0.0
2.364e-05 2.346 0.0 0.0
2.366e-05 2.349 0.0 0.0
2.368e-05 2.352 0.0 0.0
2.37e-05 2.355 0.0 0.0
2.372e-05 2.358 0.0 0.0
2.374e-05 2.361 0.0 0.0
2.376e-05 2.364 0.0 0.0
2.378e-05 2.367 0.0 0.0
2.38e-05 2.37 0.0 0.0
2.382e-05 2.373 0.0 0.0
2.384e-05 2.376 0.0 0.0
2.386e-05 2.379 0.0 0.0
2.388e-05 2.382 0.0 0.0
2.39e-05 2.385 0.0 0.0
2.392e-05 2.388 0.0 0.0
2.394e-05 2.391 0.0 0.0
2.396e-05 2.394 0.0 0.0
2.398e-05 2.397 0.0 0.0
2.4e-05 2.4 0.0 0.0
2.402e-05 2.403 0.0 0.0
2.404e-05 2.406 0.0 0.0
2.406e-05 2.409 0.0 0.0
2.408e-05 2.412 0.0 0.0
2.41e-05 2.415 0.0 0.0
2.412e-05 2.418 0.0 0.0
2.414e-05 2.421 0.0 0.0
2.416e-05 2.424 0.0 0.0
2.418e-05 2.427 0.0 0.0
2.42e-05 2.43 0.0 0.0
2.422e-05 2.433 0.0 0.0
2.424e-05 2.436 0.0 0.0
2.426e-05 2.439 0.0 0.0
2.428e-05 2.442 0.0 0.0
2.43e-05 2.445 0.0 0.0
2.432e-05 2.448 0.0 0.0
2.434e-05 2.451 0.0 0.0
2.436e-05 2.454 0.0 0.0
2.438e-05 2.457 0.0 0.0
2.44e-05 2.46 0.0 0.0
2.442e-05 2.463 0.0 0.0
2.444e-05 2.466 0.0 0.0
2.446e-05 2.469 0.0 0.0
2.448e-05 2.472 0.0 0.0
2.45e-05 2.475 0.0 0.0
2.452e-05 2.478 0.0 0.0
2.454e-05 2.481 0.0 0.0
2.456e-05 2.484 0.0 0.0
2.458e-05 2.487 0.0 0.0
2.46e-05 2.49 0.0 0.0
2.462e-05 2.493 0.0 0.0
2.464e-05 2.496 0.0 0.0
2.466e-05 2.499 0.0 0.0
2.468e-05 2.502 0.0 0.0
2.47e-05 2.505 0.0 0.0
2.472e-05 2.508 0.0 0.0
2.474e-05 2.511 0.0 0.0
2.476e-05 2.514 0.0 0.0
2.478e-05 2.517 0.0 0.0
2.48e-05 2.52 0.0 0.0
2.482e-05 2.523 0.0 0.0
2.484e-05 2.526 0.0 0.0
2.486e-05 2.529 0.0 0.0
2.488e-05 2.532 0.0 0.0
2.49e-05 2.535 0.0 0.0
2.492e-05 2.538 0.0 0.0
2.494e-05 2.541 0.0 0.0
2.496e-05 2.544 0.0 0.0
2.498e-05 2.547 0.0 0.0
2.5e-05 2.55 0.0 0.0
2.502e-05 2.553 0.0 0.0
2.504e-05 2.556 0.0 0.0
2.506e-05 2.559 0.0 0.0
2.508e-05 2.562 0.0 0.0
2.51e-05 2.565 0.0 0.0
2.512e-05 2.568 0.0 0.0
2.514e-05 2.571 0.0 0.0
2.516e-05 2.574 0.0 0.0
2.518e-05 2.577 0.0 0.0
2.52e-05 2.58 0.0 0.0
2.522e-05 2.583 0.0 0.0
2.524e-05 2.586 0.0 0.0
2.526e-05 2.589 0.0 0.0
2.528e-05 2.592 0.0 0.0
2.53e-05 2.595 0.0 0.0
2.532e-05 2.598 0.0 0.0
2.534e-05 2.601 0.0 0.0
2.536e-05 2.604 0.0 0.0
2.538e-05 2.607 0.0 0.0
2.54e-05 2.61 0.0 0.0
2.542e-05 2.613 0.0 0.0
2.544e-05 2.616 0.0 0.0
2.546e-05 2.619 0.0 0.0
2.548e-05 2.622 0.0 0.0
2.55e-05 2.625 0.0 0.0
2.552e-05 2.628 0.0 0.0
2.554e-05 2.631 0.0 0.0
2.556e-05 2.634 0.0 0.0
2.558e-05 2.637 0.0 0.0
2.56e-05 2.64 0.0 0.0
2.562e-05 2.643 0.0 0.0
2.564e-05 2.646 0.0 0.0
2.566e-05 2.649 0.0 0.0
2.568e-05 2.652 0.0 0.0
2.57e-05 2.655 0.0 0.0
2.572e-05 2.658 0.0 0.0
2.574e-05 2.661 0.0 0.0
2.576e-05 2.664 0.0 0.0
2.578e-05 2.667 0.0 0.0
2.58e-05 2.67 0.0 0.0
2.582e-05 2.673 0.0 0.0
2.584e-05 2.676 0.0 0.0
2.586e-05 2.679 0.0 0.0
2.588e-05 2.682 0.0 0.0
2.59e-05 2.685 0.0 0.0
2.592e-05 2.688 0.0 0.0
2.594e-05 2.691 0.0 0.0
2.596e-05 2.694 0.0 0.0
2.598e-05 2.697 0.0 0.0
2.6e-05 2.7 0.0 0.0
2.602e-05 2.703 0.0 0.0
2.604e-05 2.706 0.0 0.0
2.606e-05 2.709 0.0 0.0
2.608e-05 2.712 0.0 0.0
2.61e-05 2.715 0.0 0.0
2.612e-05 2.718 0.0 0.0
2.614e-05 2.721 0.0 0.0
2.616e-05 2.724 0.0 0.0
2.618e-05 2.727 0.0 0.0
2.62e-05 2.73 0.0 0.0
2.622e-05 2.733 0.0 0.0
2.624e-05 2.736 0.0 0.0
2.626e-05 2.739 0.0 0.0
2.628e-05 2.742 0.0 0.0
2.63e-05 2.745 0.0 0.0
2.632e-05 2.748 0.0 0.0
2.634e-05 2.751 0.0 0.0
2.636e-05 2.754 0.0 0.0
2.638e-05 2.757 0.0 0.0
2.64e-05 2.76 0.0 0.0
2.642e-05 2.763 0.0 0.0
2.644e-05 2.766 0.0 0.0
2.646e-05 2.769 0.0 0.0
2.648e-05 2.772 0.0 0.0
2.65e-05 2.775 0.0 0.0
2.652e-05 2.778 0.0 0.0
2.654e-05 2.781 0.0 0.0
2.656e-05 2.784 0.0 0.0
2.658e-05 2.787 0.0 0.0
2.66e-05 2.79 0.0 0.0
2.662e-05 2.793 0.0 0.0
2.664e-05 2.796 0.0 0.0
2.666e-05 2.799 0.0 0.0
2.668e-05 2.802 0.0 0.0
2.67e-05 2.805 0.0 0.0
2.672e-05 2.808 0.0 0.0
2.674e-05 2.811 0.0 0.0
2.676e-05 2.814 0.0 0.0
2.678e-05 2.817 0.0 0.0
2.68e-05 2.82 0.0 0.0
2.682e-05 2.823 0.0 0.0
2.684e-05 2.826 0.0 0.0
2.686e-05 2.829 0.0 0.0
2.688e-05 2.832 0.0 0.0
2.69e-05 2.835 0.0 0.0
2.692e-05 2.838 0.0 0.0
2.694e-05 2.841 0.0 0.0
2.696e-05 2.844 0.0 0.0
2.698e-05 2.847 0.0 0.0
2.7e-05 2.85 0.0 0.0
2.702e-05 2.853 0.0 0.0
2.704e-05 2.856 0.0 0.0
2.706e-05 2.859 0.0 0.0
2.708e-05 2.862 0.0 0.0
2.71e-05 2.865 0.0 0.0
2.712e-05 2.868 0.0 0.0
2.714e-05 2.871 0.0 0.0
2.716e-05 2.874 0.0 0.0
2.718e-05 2.877 0.0 0.0
2.72e-05 2.88 0.0 0.0
2.722e-05 2.883 0.0 0.0
2.724e-05 2.886 0.0 0.0
2.726e-05 2.889 0.0 0.0
2.728e-05 2.892 0.0 0.0
2.73e-05 2.895 0.0 0.0
2.732e-05 2.898 0.0 0.0
2.734e-05 2.901 0.0 0.0
2.736e-05 2.904 0.0 0.0
2.738e-05 2.907 0.0 0.0
2.74e-05 2.91 0.0 0.0
2.742e-05 2.913 0.0 0.0
2.744e-05 2.916 0.0 0.0
2.746e-05 2.919 0.0 0.0
2.748e-05 2.922 0.0 0.0
2.75e-05 2.925 0.0 0.0
2.752e-05 2.928 0.0 0.0
2.754e-05 2.931 0.0 0.0
2.756e-05 2.934 0.0 0.0
2.758e-05 2.937 0.0 0.0
2.76e-05 2.94 0.0 0.0
2.762e-05 2.943 0.0 0.0
2.764e-05 2.946 0.0 0.0
2.766e-05 2.949 0.0 0.0
2.768e-05 2.952 0.0 0.0
2.77e-05 2.955 0.0 0.0
2.772e-05 2.958 0.0 0.0
2.774e-05 2.961 0.0 0.0
2.776e-05 2.964 0.0 0.0
2.778e-05 2.967 0.0 0.0
2.78e-05 2.97 0.0 0.0
2.782e-05 2.973 0.0 0.0
2.784e-05 2.976 0.0 0.0
2.786e-05 2.979 0.0 0.0
2.788e-05 2.982 0.0 0.0
2.79e-05 2.985 0.0 0.0
2.792e-05 2.988 0.0 0.0
2.794e-05 2.991 0.0 0.0
2.796e-05 2.994 0.0 0.0
2.798e-05 2.997 0.0 0.0
2.8e-05 3.0 0.0 0.0
2.802e-05 3.003 0.0 0.0
2.804e-05 3.006 0.0 0.0
2.806e-05 3.009 0.0 0.0
2.808e-05 3.012 0.0 0.0
2.81e-05 3.015 0.0 0.0
2.812e-05 3.018 0.0 0.0
2.814e-05 3.021 0.0 0.0
2.816e-05 3.024 0.0 0.0
2.818e-05 3.027 0.0 0.0
2.82e-05 3.03 0.0 0.0
2.822e-05 3.033 0.0 0.0
2.824e-05 3.036 0.0 0.0
2.826e-05 3.039 0.0 0.0
2.828e-05 3.042 0.0 0.0
2.83e-05 3.045 0.0 0.0
2.832e-05 3.048 0.0 0.0
2.834e-05 3.051 0.0 0.0
2.836e-05 3.054 0.0 0.0
2.838e-05 3.057 0.0 0.0
2.84e-05 3.06 0.0 0.0
2.842e-05 3.063 0.0 0.0
2.844e-05 3.066 0.0 0.0
2.846e-05 3.069 0.0 0.0
2.848e-05 3.072 0.0 0.0
2.85e-05 3.075 0.0 0.0
2.852e-05 3.078 0.0 0.0
2.854e-05 3.081 0.0 0.0
2.856e-05 3.084 0.0 0.0
2.858e-05 3.087 0.0 0.0
2.86e-05 3.09 0.0 0.0
2.862e-05 3.093 0.0 0.0
2.864e-05 3.096 0.0 0.0
2.866e-05 3.099 0.0 0.0
2.868e-05 3.102 0.0 0.0
2.87e-05 3.105 0.0 0.0
2.872e-05 3.108 0.0 0.0
2.874e-05 3.111 0.0 0.0
2.876e-05 3.114 0.0 0.0
2.878e-05 3.117 0.0 0.0
2.88e-05 3.12 0.0 0.0
2.882e-05 3.123 0.0 0.0
2.884e-05 3.126 0.0 0.0
2.886e-05 3.129 0.0 0.0
2.888e-05 3.132 0.0 0.0
2.89e-05 3.135 0.0 0.0
2.892e-05 3.138 0.0 0.0
2.894e-05 3.141 0.0 0.0
2.896e-05 3.144 0.0 0.0
2.898e-05 3.147 0.0 0.0
2.9e-05 3.15 0.0 0.0
2.902e-05 3.153 0.0 0.0
2.904e-05 3.156 0.0 0.0
2.906e-05 3.159 0.0 0.0
2.908e-05 3.162 0.0 0.0
2.91e-05 3.165 0.0 0.0
2.912e-05 3.168 0.0 0.0
2.914e-05 3.171 0.0 0.0
2.916e-05 3.174 0.0 0.0
2.918e-05 3.177 0.0 0.0
2.92e-05 3.18 0.0 0.0
2.922e-05 3.183 0.0 0.0
2.924e-05 3.186 0.0 0.0
2.926e-05 3.189 0.0 0.0
2.928e-05 3.192 0.0 0.0
2.93e-05 3.195 0.0 0.0
2.932e-05 3.198 0.0 0.0
2.934e-05 3.201 0.0 0.0
2.936e-05 3.204 0.0 0.0
2.938e-05 3.207 0.0 0.0
2.94e-05 3.21 0.0 0.0
2.942e-05 3.213 0.0 0.0
2.944e-05 3.216 0.0 0.0
2.946e-05 3.219 0.0 0.0
2.948e-05 3.222 0.0 0.0
2.95e-05 3.225 0.0 0.0
2.952e-05 3.228 0.0 0.0
2.954e-05 3.231 0.0 0.0
2.956e-05 3.234 0.0 0.0
2.958e-05 3.237 0.0 0.0
2.96e-05 3.24 0.0 0.0
2.962e-05 3.243 0.0 0.0
2.964e-05 3.246 0.0 0.0
2.966e-05 3.249 0.0 0.0
2.968e-05 3.252 0.0 0.0
2.97e-05 3.255 0.0 0.0
2.972e-05 3.258 0.0 0.0
2.974e-05 3.261 0.0 0.0
2.976e-05 3.264 0.0 0.0
2.978e-05 3.267 0.0 0.0
2.98e-05 3.27 0.0 0.0
2.982e-05 3.273 0.0 0.0
2.984e-05 3.276 0.0 0.0
2.986e-05 3.279 0.0 0.0
2.988e-05 3.282 0.0 0.0
2.99e-05 3.285 0.0 0.0
2.992e-05 3.288 0.0 0.0
2.994e-05 3.291 0.0 0.0
2.996e-05 3.294 0.0 0.0
