# (t in s) (c0 tau in cm) (p(tau) in MPa) (p(tau) in arb. units)
0.0 -1.2 0.0 0.0
6.66666666667e-08 -1.19 0.0 0.0
1.33333333333e-07 -1.18 0.0 0.0
2e-07 -1.17 0.0 0.0
2.66666666667e-07 -1.16 0.0 0.0
3.33333333333e-07 -1.15 0.0 0.0
4e-07 -1.14 0.0 0.0
4.66666666667e-07 -1.13 0.0 0.0
5.33333333333e-07 -1.12 0.0 0.0
6e-07 -1.11 0.0 0.0
6.66666666667e-07 -1.1 0.0 0.0
7.33333333333e-07 -1.09 0.0 0.0
8e-07 -1.08 0.0 0.0
8.66666666667e-07 -1.07 0.0 0.0
9.33333333333e-07 -1.06 0.0 0.0
1e-06 -1.05 0.0 0.0
1.06666666667e-06 -1.04 0.0 0.0
1.13333333333e-06 -1.03 0.0 0.0
1.2e-06 -1.02 0.0 0.0
1.26666666667e-06 -1.01 0.0 0.0
1.33333333333e-06 -1.0 0.0 0.0
1.4e-06 -0.99 0.0 0.0
1.46666666667e-06 -0.98 0.0 0.0
1.53333333333e-06 -0.97 0.0 0.0
1.6e-06 -0.96 0.0 0.0
1.66666666667e-06 -0.95 0.0 0.0
1.73333333333e-06 -0.94 0.0 0.0
1.8e-06 -0.93 0.0 0.0
1.86666666667e-06 -0.92 0.0 0.0
1.93333333333e-06 -0.91 0.0 0.0
2e-06 -0.9 0.0 0.0
2.06666666667e-06 -0.89 0.0 0.0
2.13333333333e-06 -0.88 0.0 0.0
2.2e-06 -0.87 0.0 0.0
2.26666666667e-06 -0.86 0.0 0.0
2.33333333333e-06 -0.85 0.0 0.0
2.4e-06 -0.84 0.0 0.0
2.46666666667e-06 -0.83 0.0 0.0
2.53333333333e-06 -0.82 0.0 0.0
2.6e-06 -0.81 0.0 0.0
2.66666666667e-06 -0.8 0.0 0.0
2.73333333333e-06 -0.79 0.0 0.0
2.8e-06 -0.78 0.0 0.0
2.86666666667e-06 -0.77 0.0 0.0
2.93333333333e-06 -0.76 0.0 0.0
3e-06 -0.75 0.0 0.0
3.06666666667e-06 -0.74 0.0 0.0
3.13333333333e-06 -0.73 0.0 0.0
3.2e-06 -0.72 0.0 0.0
3.26666666667e-06 -0.71 0.0 0.0
3.33333333333e-06 -0.7 0.0 0.0
3.4e-06 -0.69 0.0 0.0
3.46666666667e-06 -0.68 0.0 0.0
3.53333333333e-06 -0.67 0.0 0.0
3.6e-06 -0.66 0.0 0.0
3.66666666667e-06 -0.65 0.0 0.0
3.73333333333e-06 -0.64 0.0 0.0
3.8e-06 -0.63 0.0 0.0
3.86666666667e-06 -0.62 0.0 0.0
3.93333333333e-06 -0.61 0.0 0.0
4e-06 -0.6 0.0 0.0
4.06666666667e-06 -0.59 0.0 0.0
4.13333333333e-06 -0.58 0.0 0.0
4.2e-06 -0.57 0.0 0.0
4.26666666667e-06 -0.56 0.0 0.0
4.33333333333e-06 -0.55 0.0 0.0
4.4e-06 -0.54 0.0 0.0
4.46666666667e-06 -0.53 0.0 0.0
4.53333333333e-06 -0.52 0.0 0.0
4.6e-06 -0.51 0.0 0.0
4.66666666667e-06 -0.5 0.0 0.0
4.73333333333e-06 -0.49 0.0 0.0
4.8e-06 -0.48 0.0 0.0
4.86666666667e-06 -0.47 0.0 0.0
4.93333333333e-06 -0.46 0.0 0.0
5e-06 -0.45 0.0 0.0
5.06666666667e-06 -0.44 0.0 0.0
5.13333333333e-06 -0.43 0.0 0.0
5.2e-06 -0.42 0.0 0.0
5.26666666667e-06 -0.41 0.0 0.0
5.33333333333e-06 -0.4 0.0 0.0
5.4e-06 -0.39 0.0 0.0
5.46666666667e-06 -0.38 0.0 0.0
5.53333333333e-06 -0.37 0.0 0.0
5.6e-06 -0.36 0.0 0.0
5.66666666667e-06 -0.35 0.0 0.0
5.73333333333e-06 -0.34 0.0 0.0
5.8e-06 -0.33 0.0 0.0
5.86666666667e-06 -0.32 0.0 0.0
5.93333333333e-06 -0.31 0.0 0.0
6e-06 -0.3 0.0 0.0
6.06666666667e-06 -0.29 0.0 0.0
6.13333333333e-06 -0.28 0.0 0.0
6.2e-06 -0.27 0.0 0.0
6.26666666667e-06 -0.26 0.0 0.0
6.33333333333e-06 -0.25 0.0 0.0
6.4e-06 -0.24 0.0 0.0
6.46666666667e-06 -0.23 0.0 0.0
6.53333333333e-06 -0.22 0.0 0.0
6.6e-06 -0.21 0.0 0.0
6.66666666667e-06 -0.2 0.0 0.0
6.73333333333e-06 -0.19 0.0 0.0
6.8e-06 -0.18 0.0 0.0
6.86666666667e-06 -0.17 0.0 0.0
6.93333333333e-06 -0.16 0.0 0.0
7e-06 -0.15 0.0 0.0
7.06666666667e-06 -0.14 0.0 0.0
7.13333333333e-06 -0.13 0.0 0.0
7.2e-06 -0.12 0.0 0.0
7.26666666667e-06 -0.11 0.0 0.0
7.33333333333e-06 -0.1 0.0 0.0
7.4e-06 -0.09 0.0 0.0
7.46666666667e-06 -0.08 0.0 0.0
7.53333333333e-06 -0.07 0.0 0.0
7.6e-06 -0.06 0.0 0.0
7.66666666667e-06 -0.05 0.0 0.0
7.73333333333e-06 -0.04 0.0 0.0
7.8e-06 -0.03 0.0 0.0
7.86666666667e-06 -0.02 0.0 0.0
7.93333333333e-06 -0.01 0.000126791160363 0.000261169433167
8e-06 1.01643953671e-15 0.243785086309 0.502158136448
8.06666666667e-06 0.01 0.485474731193 1.0
8.13333333333e-06 0.02 0.478195350987 0.985005645528
8.2e-06 0.03 0.459853513922 0.94722440608
8.26666666667e-06 0.04 0.448462522589 0.923760792835
8.33333333333e-06 0.05 0.438820347594 0.903899460462
8.4e-06 0.06 0.425798517463 0.877076581136
8.46666666667e-06 0.07 0.41804193557 0.861099267808
8.53333333333e-06 0.08 0.413947234839 0.852664841734
8.6e-06 0.09 0.398771585969 0.821405441615
8.66666666667e-06 0.1 0.369413176931 0.760931832689
8.73333333333e-06 0.11 0.375137552276 0.772723126812
8.8e-06 0.12 0.377756754984 0.778118263859
8.86666666667e-06 0.13 0.360822908208 0.743237258346
8.93333333333e-06 0.14 0.332357638744 0.684603373542
9e-06 0.15 0.329608441051 0.678940467695
9.06666666667e-06 0.16 0.33359433638 0.687150772112
9.13333333333e-06 0.17 0.308942591275 0.6363721352
9.2e-06 0.18 0.292558786335 0.602624127553
9.26666666667e-06 0.19 0.30757134553 0.633547589128
9.33333333333e-06 0.2 0.293630353367 0.604831383592
9.4e-06 0.21 0.258660050293 0.532798173979
9.46666666667e-06 0.22 0.283773287083 0.584527409667
9.53333333333e-06 0.23 0.252562672911 0.520238555548
9.6e-06 0.24 0.250304433639 0.515586945222
9.66666666667e-06 0.25 0.267857265333 0.551742960286
9.73333333333e-06 0.26 0.211871642653 0.436421566437
9.8e-06 0.27 0.210892042947 0.434403748323
9.86666666667e-06 0.28 0.230207621324 0.474190738533
9.93333333333e-06 0.29 0.0514974572828 0.106076493737
1e-05 0.3 -0.14800006392 -0.304856369262
1.00666666667e-05 0.31 -0.139814294142 -0.287994997799
1.01333333333e-05 0.32 -0.104821605977 -0.215915678494
1.02e-05 0.33 -0.14309482127 -0.294752356972
1.02666666667e-05 0.34 -0.134564251254 -0.277180752381
1.03333333333e-05 0.35 -0.110630408362 -0.227880878765
1.04e-05 0.36 -0.138403753118 -0.285089509762
1.04666666667e-05 0.37 -0.118616853063 -0.244331672569
1.05333333333e-05 0.38 -0.123794449619 -0.254996690177
1.06e-05 0.39 -0.126926386115 -0.261447976505
1.06666666667e-05 0.4 -0.11680718659 -0.240604050189
1.07333333333e-05 0.41 -0.11866266859 -0.244426045199
1.08e-05 0.42 -0.124341120675 -0.25612274478
1.08666666667e-05 0.43 -0.12108978907 -0.249425523698
1.09333333333e-05 0.44 -0.112735794053 -0.232217635254
1.1e-05 0.45 -0.123590382001 -0.254576343649
1.10666666667e-05 0.46 -0.116219189489 -0.239392870568
1.11333333333e-05 0.47 -0.120682290215 -0.248586141483
1.12e-05 0.48 -0.112138613203 -0.230987538583
1.12666666667e-05 0.49 -0.104129681772 -0.214490425724
1.13333333333e-05 0.5 -0.10634677054 -0.219057272618
1.14e-05 0.51 -0.122094786593 -0.251495657237
1.14666666667e-05 0.52 -0.110175079492 -0.226942974398
1.15333333333e-05 0.53 -0.103416259069 -0.213020889502
1.16e-05 0.54 -0.125789579926 -0.259106338278
1.16666666667e-05 0.55 -0.0895948482081 -0.184551002249
1.17333333333e-05 0.56 -0.0980109951988 -0.20188691378
1.18e-05 0.57 -0.110820063506 -0.22827153791
1.18666666667e-05 0.58 -0.110213877012 -0.227022891061
1.19333333333e-05 0.59 -0.105992959199 -0.218328478062
1.2e-05 0.6 -0.0925868085068 -0.190713960084
1.20666666667e-05 0.61 -0.105727433606 -0.217781537971
1.21333333333e-05 0.62 -0.0989788164904 -0.20388047025
1.22e-05 0.63 -0.100772602101 -0.207575380604
1.22666666667e-05 0.64 -0.0918347873078 -0.189164917157
1.23333333333e-05 0.65 -0.091940113033 -0.18938187124
1.24e-05 0.66 -0.100987072414 -0.208017155014
1.24666666667e-05 0.67 -0.0952985867082 -0.196299787785
1.25333333333e-05 0.68 -0.0897892137841 -0.184951364128
1.26e-05 0.69 -0.0970920936777 -0.199994124182
1.26666666667e-05 0.7 -0.0890492201443 -0.183427096041
1.27333333333e-05 0.71 -0.0794709527055 -0.163697402973
1.28e-05 0.72 -0.0979670475372 -0.201796388653
1.28666666667e-05 0.73 -0.0870349033642 -0.179277926887
1.29333333333e-05 0.74 -0.0849399871187 -0.174962735774
1.3e-05 0.75 -0.0890178386741 -0.183362455251
1.30666666667e-05 0.76 -0.0757770820277 -0.156088622453
1.31333333333e-05 0.77 -0.0899735269418 -0.185331019641
1.32e-05 0.78 -0.0875020131296 -0.180240098006
1.32666666667e-05 0.79 -0.072521706841 -0.149383072241
1.33333333333e-05 0.8 -0.0868464300605 -0.178889702142
1.34e-05 0.81 -0.0776477780476 -0.159941955901
1.34666666667e-05 0.82 -0.0742650859819 -0.15297415336
1.35333333333e-05 0.83 -0.0823675914769 -0.169664013767
1.36e-05 0.84 -0.0689990259664 -0.14212691523
1.36666666667e-05 0.85 -0.0775469143872 -0.159734192955
1.37333333333e-05 0.86 -0.0762264258021 -0.157014198483
1.38e-05 0.87 -0.0725027560308 -0.149344036615
1.38666666667e-05 0.88 -0.0706212016657 -0.145468336719
1.39333333333e-05 0.89 -0.0724215784835 -0.149176823901
1.4e-05 0.9 -0.0738698004677 -0.152159928666
1.40666666667e-05 0.91 -0.0632364842165 -0.13025700444
1.41333333333e-05 0.92 -0.070938534229 -0.146121990849
1.42e-05 0.93 -0.0697678669786 -0.143710604272
1.42666666667e-05 0.94 -0.0652322951971 -0.134368054619
1.43333333333e-05 0.95 -0.0646738351078 -0.133217716499
1.44e-05 0.96 -0.0657538863809 -0.135442448712
1.44666666667e-05 0.97 -0.0632870083583 -0.13036107606
1.45333333333e-05 0.98 -0.0641913802581 -0.132223936971
1.46e-05 0.99 -0.0609258232504 -0.125497413842
1.46666666667e-05 1.0 -0.0546800117904 -0.112632045042
1.47333333333e-05 1.01 -0.0620709020208 -0.127856092259
1.48e-05 1.02 -0.0622653932954 -0.128256713058
1.48666666667e-05 1.03 -0.0553400634216 -0.113991645426
1.49333333333e-05 1.04 -0.057226819791 -0.117878060616
1.5e-05 1.05 -0.0616805626596 -0.127052055846
1.50666666667e-05 1.06 -0.0530215363911 -0.109215851999
1.51333333333e-05 1.07 -0.0550139276271 -0.113319858053
1.52e-05 1.08 -0.055458743442 -0.114236107213
1.52666666667e-05 1.09 -0.0470310873289 -0.0968764887376
1.53333333333e-05 1.1 -0.0511345381481 -0.105328938589
1.54e-05 1.11 -0.0543717829442 -0.111997143107
1.54666666667e-05 1.12 -0.048351949241 -0.0995972522034
1.55333333333e-05 1.13 -0.0512355103521 -0.105536925117
1.56e-05 1.14 -0.0519966263878 -0.107104701948
1.56666666667e-05 1.15 -0.0445676257017 -0.091802153311
1.57333333333e-05 1.16 -0.0498305674188 -0.102642968247
1.58e-05 1.17 -0.0467027621115 -0.0962001915047
1.58666666667e-05 1.18 -0.0405717562359 -0.0835713037755
1.59333333333e-05 1.19 -0.0423738501962 -0.0872833279953
1.6e-05 1.2 -0.0466245894896 -0.0960391684547
1.60666666667e-05 1.21 -0.0454256962653 -0.093569640903
1.61333333333e-05 1.22 -0.0410242359143 -0.0845033392644
1.62e-05 1.23 -0.0443310928808 -0.091314933677
1.62666666667e-05 1.24 -0.0419486088428 -0.0864073990826
1.63333333333e-05 1.25 -0.0388857029992 -0.0800983048152
1.64e-05 1.26 -0.0383552202087 -0.0790055954393
1.64666666667e-05 1.27 -0.0373096386239 -0.0768518652499
1.65333333333e-05 1.28 -0.0380062143547 -0.0782866994154
1.66e-05 1.29 -0.0385295291353 -0.0793646438417
1.66666666667e-05 1.3 -0.0379397793383 -0.0781498539482
1.67333333333e-05 1.31 -0.0367710659668 -0.0757424920477
1.68e-05 1.32 -0.0353786343644 -0.072874306511
1.68666666667e-05 1.33 -0.0348753696465 -0.0718376619948
1.69333333333e-05 1.34 -0.0352343753091 -0.072577156019
1.7e-05 1.35 -0.031058909229 -0.0639763662933
1.70666666667e-05 1.36 -0.031119543968 -0.0641012641204
1.71333333333e-05 1.37 -0.0335297175088 -0.0690658346447
1.72e-05 1.38 -0.0325668513367 -0.0670824849249
1.72666666667e-05 1.39 -0.031249117137 -0.0643681640447
1.73333333333e-05 1.4 -0.0316621346167 -0.0652189137401
1.74e-05 1.41 -0.0334052755702 -0.0688095042312
1.74666666667e-05 1.42 -0.0265023739444 -0.0545906351897
1.75333333333e-05 1.43 -0.0278051594723 -0.0572741642061
1.76e-05 1.44 -0.0269270502047 -0.0554654001012
1.76666666667e-05 1.45 -0.0255131883805 -0.0525530717485
1.77333333333e-05 1.46 -0.0290207817068 -0.0597781508328
1.78e-05 1.47 -0.027043226939 -0.055704705521
1.78666666667e-05 1.48 -0.0270729659423 -0.0557659630931
1.79333333333e-05 1.49 -0.0262652894742 -0.0541022792465
1.8e-05 1.5 -0.025732452279 -0.0530047201751
1.80666666667e-05 1.51 -0.0244219638198 -0.050305324357
1.81333333333e-05 1.52 -0.0238740164924 -0.0491766408391
1.82e-05 1.53 -0.0216919724876 -0.0446819805313
1.82666666667e-05 1.54 -0.0212276904489 -0.0437256340752
1.83333333333e-05 1.55 -0.0233695049377 -0.0481374280392
1.84e-05 1.56 -0.0233874861217 -0.0481744663913
1.84666666667e-05 1.57 -0.0251790213728 -0.0518647413654
1.85333333333e-05 1.58 -0.0287828910522 -0.0592881342792
1.86e-05 1.59 -0.0316421795499 -0.0651778095064
1.86666666667e-05 1.6 -0.0324517359609 -0.0668453657332
1.87333333333e-05 1.61 -0.033284750313 -0.0685612415526
1.88e-05 1.62 -0.0334012016677 -0.0688011126462
1.88666666667e-05 1.63 -0.0328563710878 -0.0676788491279
1.89333333333e-05 1.64 -0.0333025317366 -0.0685978684302
1.9e-05 1.65 -0.0348907387664 -0.0718693199141
1.90666666667e-05 1.66 -0.0339141166096 -0.0698576350746
1.91333333333e-05 1.67 -0.032416508342 -0.0667728024945
1.92e-05 1.68 -0.032167915975 -0.0662607421315
1.92666666667e-05 1.69 -0.0314246643638 -0.0647297631465
1.93333333333e-05 1.7 -0.0306181350291 -0.0630684422108
1.94e-05 1.71 -0.0277836198135 -0.0572297959674
1.94666666667e-05 1.72 -0.0246501271055 -0.0507753040924
1.95333333333e-05 1.73 -0.0221632503336 -0.0456527372272
1.96e-05 1.74 -0.0203910028531 -0.0420021919636
1.96666666667e-05 1.75 -0.0188315406055 -0.0387899501159
1.97333333333e-05 1.76 -0.0174367020824 -0.0359168067091
1.98e-05 1.77 -0.0166661805374 -0.0343296560388
1.98666666667e-05 1.78 -0.0159957255628 -0.0329486264373
1.99333333333e-05 1.79 -0.0141986820922 -0.0292470054154
2e-05 1.8 -0.0137127559976 -0.028246075679
2.00666666667e-05 1.81 -0.0128681059964 -0.026506232291
2.01333333333e-05 1.82 -0.012263742549 -0.0252613406239
2.02e-05 1.83 -0.011504186148 -0.0236967763899
2.02666666667e-05 1.84 -0.0110398388893 -0.0227402955911
2.03333333333e-05 1.85 -0.010023993215 -0.0206478166028
2.04e-05 1.86 -0.00985731433405 -0.0203044848695
2.04666666667e-05 1.87 -0.00953192015985 -0.0196342251149
2.05333333333e-05 1.88 -0.00883277629311 -0.0181941010017
2.06e-05 1.89 -0.00844633429904 -0.0173980925398
2.06666666667e-05 1.9 -0.0079011863071 -0.0162751752036
2.07333333333e-05 1.91 -0.00792596444214 -0.0163262141835
2.08e-05 1.92 -0.00702176723807 -0.0144637131181
2.08666666667e-05 1.93 -0.00692214975756 -0.0142585171025
2.09333333333e-05 1.94 -0.00655761698869 -0.0135076381268
2.1e-05 1.95 -0.00634826205482 -0.0130764005764
2.10666666667e-05 1.96 -0.00582352384297 -0.0119955241103
2.11333333333e-05 1.97 -0.00562319755237 -0.0115828841154
2.12e-05 1.98 -0.00529904562823 -0.0109151831965
2.12666666667e-05 1.99 -0.00518324609911 -0.0106766547589
2.13333333333e-05 2.0 -0.00473755200658 -0.00975859648747
2.14e-05 2.01 -0.00476287486907 -0.00981075751845
2.14666666667e-05 2.02 -0.00424105663377 -0.00873589573518
2.15333333333e-05 2.03 -0.0043045715473 -0.0088667262593
2.16e-05 2.04 -0.00390888055064 -0.00805166633705
2.16666666667e-05 2.05 -0.00367726879731 -0.00757458331203
2.17333333333e-05 2.06 -0.00375140142055 -0.00772728461341
2.18e-05 2.07 -0.00338058609557 -0.00696346458087
2.18666666667e-05 2.08 -0.00332652593231 -0.00685210932427
2.19333333333e-05 2.09 -0.00297341261332 -0.0061247525819
2.2e-05 2.1 -0.00310700289101 -0.00639992710511
2.20666666667e-05 2.11 -0.0028072209054 -0.00578242434679
2.21333333333e-05 2.12 -0.00262316088477 -0.00540329025637
2.22e-05 2.13 -0.00249022757813 -0.00512946898803
2.22666666667e-05 2.14 -0.00247935057968 -0.0051070641176
2.23333333333e-05 2.15 -0.00221204419652 -0.00455645588615
2.24e-05 2.16 -0.00226914499742 -0.00467407436807
2.24666666667e-05 2.17 -0.0020479442537 -0.00421843635128
2.25333333333e-05 2.18 -0.00203142273011 -0.00418440466534
2.26e-05 2.19 -0.0017825088717 -0.00367168208183
2.26666666667e-05 2.2 -0.00185278274914 -0.0038164349864
2.27333333333e-05 2.21 -0.00161452528137 -0.00332566285665
2.28e-05 2.22 -0.00168522047136 -0.00347128359744
2.28666666667e-05 2.23 -0.00148098188628 -0.00305058490406
2.29333333333e-05 2.24 -0.00139592580809 -0.00287538303932
2.3e-05 2.25 -0.00142464406755 -0.0029345380429
2.30666666667e-05 2.26 -0.00123478744557 -0.00254346388438
2.31333333333e-05 2.27 -0.00128061274857 -0.00263785665099
2.32e-05 2.28 -0.00107905337321 -0.00222267669948
2.32666666667e-05 2.29 -0.00119479769997 -0.00246109142908
2.33333333333e-05 2.3 -0.0010306518379 -0.00212297730793
2.34e-05 2.31 -0.000981231270428 -0.00202117887375
2.34666666667e-05 2.32 -0.000930660668803 -0.00191701155386
2.35333333333e-05 2.33 -0.000922577539011 -0.00190036160429
2.36e-05 2.34 -0.000781093917636 -0.00160892806041
2.36666666667e-05 2.35 -0.000832596053649 -0.00171501419158
2.37333333333e-05 2.36 -0.000731878813246 -0.00150755284718
2.38e-05 2.37 -0.000715220562571 -0.00147323952539
2.38666666667e-05 2.38 -0.000642497858195 -0.0013234424305
2.39333333333e-05 2.39 -0.000657584569423 -0.00135451863335
2.4e-05 2.4 -0.00057893276146 -0.00119250853703
2.40666666667e-05 2.41 -0.000582650044345 -0.00120016554294
2.41333333333e-05 2.42 -0.000496096071738 -0.00102187825619
2.42e-05 2.43 -0.000477138324366 -0.000982828340401
2.42666666667e-05 2.44 -0.000492478452759 -0.00101442654193
2.43333333333e-05 2.45 -0.000398642503589 -0.000821139552638
2.44e-05 2.46 -0.000447324928173 -0.000921417530987
2.44666666667e-05 2.47 -0.000360870104291 -0.000743334474698
2.45333333333e-05 2.48 -0.000378606646993 -0.000779868904942
2.46e-05 2.49 -0.000328553008128 -0.000676766445332
2.46666666667e-05 2.5 -0.000324803453313 -0.000669042964429
2.47333333333e-05 2.51 -0.000290362016251 -0.000598099133888
2.48e-05 2.52 -0.000275529287591 -0.000567546094344
2.48666666667e-05 2.53 -0.000252791361573 -0.000520709617474
2.49333333333e-05 2.54 -0.000222419805459 -0.000458149088238
2.5e-05 2.55 -0.000182630590182 -0.000376189693196
2.50666666667e-05 2.56 -0.000155339577513 -0.000319974588855
2.51333333333e-05 2.57 -0.000124517119156 -0.000256485273395
2.52e-05 2.58 -9.80360153586e-05 -0.000201938451292
2.52666666667e-05 2.59 -7.83855969667e-05 -0.000161461744412
2.53333333333e-05 2.6 -4.69413149971e-05 -9.66915721477e-05
2.54e-05 2.61 -4.40984296893e-05 -9.08356848581e-05
2.54666666667e-05 2.62 -1.64859688903e-05 -3.39584489799e-05
2.55333333333e-05 2.63 -8.91510515876e-06 -1.83636852465e-05
2.56e-05 2.64 -6.52505267283e-07 -1.34405608646e-06
2.56666666667e-05 2.65 0.0 0.0
2.57333333333e-05 2.66 0.0 0.0
2.58e-05 2.67 0.0 0.0
2.58666666667e-05 2.68 0.0 0.0
2.59333333333e-05 2.69 0.0 0.0
2.6e-05 2.7 0.0 0.0
2.60666666667e-05 2.71 0.0 0.0
2.61333333333e-05 2.72 0.0 0.0
2.62e-05 2.73 0.0 0.0
2.62666666667e-05 2.74 0.0 0.0
2.63333333333e-05 2.75 0.0 0.0
2.64e-05 2.76 0.0 0.0
2.64666666667e-05 2.77 0.0 0.0
2.65333333333e-05 2.78 0.0 0.0
2.66e-05 2.79 0.0 0.0
2.66666666667e-05 2.8 0.0 0.0
2.67333333333e-05 2.81 0.0 0.0
2.68e-05 2.82 0.0 0.0
2.68666666667e-05 2.83 0.0 0.0
2.69333333333e-05 2.84 0.0 0.0
2.7e-05 2.85 0.0 0.0
2.70666666667e-05 2.86 0.0 0.0
2.71333333333e-05 2.87 0.0 0.0
2.72e-05 2.88 0.0 0.0
2.72666666667e-05 2.89 0.0 0.0
2.73333333333e-05 2.9 0.0 0.0
2.74e-05 2.91 0.0 0.0
2.74666666667e-05 2.92 0.0 0.0
2.75333333333e-05 2.93 0.0 0.0
2.76e-05 2.94 0.0 0.0
2.76666666667e-05 2.95 0.0 0.0
2.77333333333e-05 2.96 0.0 0.0
2.78e-05 2.97 0.0 0.0
2.78666666667e-05 2.98 0.0 0.0
2.79333333333e-05 2.99 0.0 0.0
2.8e-05 3.0 0.0 0.0
2.80666666667e-05 3.01 0.0 0.0
2.81333333333e-05 3.02 0.0 0.0
2.82e-05 3.03 0.0 0.0
2.82666666667e-05 3.04 0.0 0.0
2.83333333333e-05 3.05 0.0 0.0
2.84e-05 3.06 0.0 0.0
2.84666666667e-05 3.07 0.0 0.0
2.85333333333e-05 3.08 0.0 0.0
2.86e-05 3.09 0.0 0.0
2.86666666667e-05 3.1 0.0 0.0
2.87333333333e-05 3.11 0.0 0.0
2.88e-05 3.12 0.0 0.0
2.88666666667e-05 3.13 0.0 0.0
2.89333333333e-05 3.14 0.0 0.0
2.9e-05 3.15 0.0 0.0
2.90666666667e-05 3.16 0.0 0.0
2.91333333333e-05 3.17 0.0 0.0
2.92e-05 3.18 0.0 0.0
2.92666666667e-05 3.19 0.0 0.0
2.93333333333e-05 3.2 0.0 0.0
2.94e-05 3.21 0.0 0.0
2.94666666667e-05 3.22 0.0 0.0
2.95333333333e-05 3.23 0.0 0.0
2.96e-05 3.24 0.0 0.0
2.96666666667e-05 3.25 0.0 0.0
2.97333333333e-05 3.26 0.0 0.0
2.98e-05 3.27 0.0 0.0
2.98666666667e-05 3.28 0.0 0.0
2.99333333333e-05 3.29 0.0 0.0
3e-05 3.3 0.0 0.0
3.00666666667e-05 3.31 0.0 0.0
3.01333333333e-05 3.32 0.0 0.0
3.02e-05 3.33 0.0 0.0
3.02666666667e-05 3.34 0.0 0.0
3.03333333333e-05 3.35 0.0 0.0
3.04e-05 3.36 0.0 0.0
3.04666666667e-05 3.37 0.0 0.0
3.05333333333e-05 3.38 0.0 0.0
3.06e-05 3.39 0.0 0.0
3.06666666667e-05 3.4 0.0 0.0
3.07333333333e-05 3.41 0.0 0.0
3.08e-05 3.42 0.0 0.0
3.08666666667e-05 3.43 0.0 0.0
3.09333333333e-05 3.44 0.0 0.0
3.1e-05 3.45 0.0 0.0
3.10666666667e-05 3.46 0.0 0.0
3.11333333333e-05 3.47 0.0 0.0
3.12e-05 3.48 0.0 0.0
3.12666666667e-05 3.49 0.0 0.0
3.13333333333e-05 3.5 0.0 0.0
3.14e-05 3.51 0.0 0.0
3.14666666667e-05 3.52 0.0 0.0
3.15333333333e-05 3.53 0.0 0.0
3.16e-05 3.54 0.0 0.0
3.16666666667e-05 3.55 0.0 0.0
3.17333333333e-05 3.56 0.0 0.0
3.18e-05 3.57 0.0 0.0
3.18666666667e-05 3.58 0.0 0.0
3.19333333333e-05 3.59 0.0 0.0
3.2e-05 3.6 0.0 0.0
3.20666666667e-05 3.61 0.0 0.0
3.21333333333e-05 3.62 0.0 0.0
3.22e-05 3.63 0.0 0.0
3.22666666667e-05 3.64 0.0 0.0
3.23333333333e-05 3.65 0.0 0.0
3.24e-05 3.66 0.0 0.0
3.24666666667e-05 3.67 0.0 0.0
3.25333333333e-05 3.68 0.0 0.0
3.26e-05 3.69 0.0 0.0
3.26666666667e-05 3.7 0.0 0.0
3.27333333333e-05 3.71 0.0 0.0
3.28e-05 3.72 0.0 0.0
3.28666666667e-05 3.73 0.0 0.0
3.29333333333e-05 3.74 0.0 0.0
3.3e-05 3.75 0.0 0.0
3.30666666667e-05 3.76 0.0 0.0
3.31333333333e-05 3.77 0.0 0.0
3.32e-05 3.78 0.0 0.0
3.32666666667e-05 3.79 0.0 0.0
3.33333333333e-05 3.8 0.0 0.0
3.34e-05 3.81 0.0 0.0
3.34666666667e-05 3.82 0.0 0.0
3.35333333333e-05 3.83 0.0 0.0
3.36e-05 3.84 0.0 0.0
3.36666666667e-05 3.85 0.0 0.0
3.37333333333e-05 3.86 0.0 0.0
3.38e-05 3.87 0.0 0.0
3.38666666667e-05 3.88 0.0 0.0
3.39333333333e-05 3.89 0.0 0.0
3.4e-05 3.9 0.0 0.0
3.40666666667e-05 3.91 0.0 0.0
3.41333333333e-05 3.92 0.0 0.0
3.42e-05 3.93 0.0 0.0
3.42666666667e-05 3.94 0.0 0.0
3.43333333333e-05 3.95 0.0 0.0
3.44e-05 3.96 0.0 0.0
3.44666666667e-05 3.97 0.0 0.0
3.45333333333e-05 3.98 0.0 0.0
3.46e-05 3.99 0.0 0.0
3.46666666667e-05 4.0 0.0 0.0
3.47333333333e-05 4.01 0.0 0.0
3.48e-05 4.02 0.0 0.0
3.48666666667e-05 4.03 0.0 0.0
3.49333333333e-05 4.04 0.0 0.0
3.5e-05 4.05 0.0 0.0
3.50666666667e-05 4.06 0.0 0.0
3.51333333333e-05 4.07 0.0 0.0
3.52e-05 4.08 0.0 0.0
3.52666666667e-05 4.09 0.0 0.0
3.53333333333e-05 4.1 0.0 0.0
3.54e-05 4.11 0.0 0.0
3.54666666667e-05 4.12 0.0 0.0
3.55333333333e-05 4.13 0.0 0.0
3.56e-05 4.14 0.0 0.0
3.56666666667e-05 4.15 0.0 0.0
3.57333333333e-05 4.16 0.0 0.0
3.58e-05 4.17 0.0 0.0
3.58666666667e-05 4.18 0.0 0.0
3.59333333333e-05 4.19 0.0 0.0
3.6e-05 4.2 0.0 0.0
3.60666666667e-05 4.21 0.0 0.0
3.61333333333e-05 4.22 0.0 0.0
3.62e-05 4.23 0.0 0.0
3.62666666667e-05 4.24 0.0 0.0
3.63333333333e-05 4.25 0.0 0.0
3.64e-05 4.26 0.0 0.0
3.64666666667e-05 4.27 0.0 0.0
3.65333333333e-05 4.28 0.0 0.0
3.66e-05 4.29 0.0 0.0
3.66666666667e-05 4.3 0.0 0.0
3.67333333333e-05 4.31 0.0 0.0
3.68e-05 4.32 0.0 0.0
3.68666666667e-05 4.33 0.0 0.0
3.69333333333e-05 4.34 0.0 0.0
3.7e-05 4.35 0.0 0.0
3.70666666667e-05 4.36 0.0 0.0
3.71333333333e-05 4.37 0.0 0.0
3.72e-05 4.38 0.0 0.0
3.72666666667e-05 4.39 0.0 0.0
3.73333333333e-05 4.4 0.0 0.0
3.74e-05 4.41 0.0 0.0
3.74666666667e-05 4.42 0.0 0.0
3.75333333333e-05 4.43 0.0 0.0
3.76e-05 4.44 0.0 0.0
3.76666666667e-05 4.45 0.0 0.0
3.77333333333e-05 4.46 0.0 0.0
3.78e-05 4.47 0.0 0.0
3.78666666667e-05 4.48 0.0 0.0
3.79333333333e-05 4.49 0.0 0.0
3.8e-05 4.5 0.0 0.0
3.80666666667e-05 4.51 0.0 0.0
3.81333333333e-05 4.52 0.0 0.0
3.82e-05 4.53 0.0 0.0
3.82666666667e-05 4.54 0.0 0.0
3.83333333333e-05 4.55 0.0 0.0
3.84e-05 4.56 0.0 0.0
3.84666666667e-05 4.57 0.0 0.0
3.85333333333e-05 4.58 0.0 0.0
3.86e-05 4.59 0.0 0.0
3.86666666667e-05 4.6 0.0 0.0
3.87333333333e-05 4.61 0.0 0.0
3.88e-05 4.62 0.0 0.0
3.88666666667e-05 4.63 0.0 0.0
3.89333333333e-05 4.64 0.0 0.0
3.9e-05 4.65 0.0 0.0
3.90666666667e-05 4.66 0.0 0.0
3.91333333333e-05 4.67 0.0 0.0
3.92e-05 4.68 0.0 0.0
3.92666666667e-05 4.69 0.0 0.0
3.93333333333e-05 4.7 0.0 0.0
3.94e-05 4.71 0.0 0.0
3.94666666667e-05 4.72 0.0 0.0
3.95333333333e-05 4.73 0.0 0.0
3.96e-05 4.74 0.0 0.0
3.96666666667e-05 4.75 0.0 0.0
3.97333333333e-05 4.76 0.0 0.0
3.98e-05 4.77 0.0 0.0
3.98666666667e-05 4.78 0.0 0.0
3.99333333333e-05 4.79 0.0 0.0
4e-05 4.8 0.0 0.0
4.00666666667e-05 4.81 0.0 0.0
4.01333333333e-05 4.82 0.0 0.0
4.02e-05 4.83 0.0 0.0
4.02666666667e-05 4.84 0.0 0.0
4.03333333333e-05 4.85 0.0 0.0
4.04e-05 4.86 0.0 0.0
4.04666666667e-05 4.87 0.0 0.0
4.05333333333e-05 4.88 0.0 0.0
4.06e-05 4.89 0.0 0.0
4.06666666667e-05 4.9 0.0 0.0
4.07333333333e-05 4.91 0.0 0.0
4.08e-05 4.92 0.0 0.0
4.08666666667e-05 4.93 0.0 0.0
4.09333333333e-05 4.94 0.0 0.0
4.1e-05 4.95 0.0 0.0
4.10666666667e-05 4.96 0.0 0.0
4.11333333333e-05 4.97 0.0 0.0
4.12e-05 4.98 0.0 0.0
4.12666666667e-05 4.99 0.0 0.0
4.13333333333e-05 5.0 0.0 0.0
4.14e-05 5.01 0.0 0.0
4.14666666667e-05 5.02 0.0 0.0
4.15333333333e-05 5.03 0.0 0.0
4.16e-05 5.04 0.0 0.0
4.16666666667e-05 5.05 0.0 0.0
4.17333333333e-05 5.06 0.0 0.0
4.18e-05 5.07 0.0 0.0
4.18666666667e-05 5.08 0.0 0.0
4.19333333333e-05 5.09 0.0 0.0
4.2e-05 5.1 0.0 0.0
4.20666666667e-05 5.11 0.0 0.0
4.21333333333e-05 5.12 0.0 0.0
4.22e-05 5.13 0.0 0.0
4.22666666667e-05 5.14 0.0 0.0
4.23333333333e-05 5.15 0.0 0.0
4.24e-05 5.16 0.0 0.0
4.24666666667e-05 5.17 0.0 0.0
4.25333333333e-05 5.18 0.0 0.0
4.26e-05 5.19 0.0 0.0
4.26666666667e-05 5.2 0.0 0.0
4.27333333333e-05 5.21 0.0 0.0
4.28e-05 5.22 0.0 0.0
4.28666666667e-05 5.23 0.0 0.0
4.29333333333e-05 5.24 0.0 0.0
4.3e-05 5.25 0.0 0.0
4.30666666667e-05 5.26 0.0 0.0
4.31333333333e-05 5.27 0.0 0.0
